timestep,episodic_return
1000,0.0
2001,0.0
3002,0.0
4003,0.0
5004,0.0
6005,0.0
7006,0.0
8007,0.0
9008,0.0
10009,0.0
11010,0.0
12011,0.0
13012,0.0
14013,0.0
15014,0.0
16015,0.0
17016,0.0
18017,0.0
19018,0.0
20019,0.0
21020,0.0
22021,0.0
23022,0.0
24023,0.0
25024,0.0
26025,0.0
27026,0.0
28027,0.0
29028,0.0
30029,0.0
31030,0.0
32031,0.0
33032,0.0
34033,0.0
35034,0.0
36035,0.0
37036,0.0
38037,0.0
39038,0.0
40039,5.0
41040,0.0
42041,0.0
43042,0.0
44043,0.0
45044,0.0
46045,0.0
47046,0.0
48047,0.0
49048,0.0
50049,0.0
51050,0.0
52051,0.0
53052,0.0
54053,0.0
55054,0.0
56055,0.0
57056,0.0
58057,0.0
59058,0.0
60059,0.0
61060,0.0
62061,0.0
63062,0.0
64063,0.0
65064,0.0
66065,0.0
67066,0.0
68067,0.0
69068,0.0
70069,0.0
71070,0.0
72071,0.0
73072,0.0
74073,0.0
75074,0.0
76075,0.0
77076,0.0
78077,0.0
79078,0.0
80079,0.0
81080,0.0
82081,0.0
83082,0.0
84083,0.0
85084,0.0
86085,0.0
87086,0.0
88087,0.0
89088,0.0
90089,0.0
91090,0.0
92091,0.0
93092,0.0
94093,0.0
95094,0.0
96095,0.0
97096,0.0
98097,0.0
99098,0.0
100099,0.0
101100,0.0
102101,0.0
103102,0.0
104103,0.0
105104,0.0
106105,0.0
107106,0.0
108107,0.0
109108,0.0
110109,0.0
111110,0.0
112111,0.0
113112,0.0
114113,0.0
115114,0.0
116115,0.0
117116,0.0
118117,0.0
119118,0.0
120119,0.0
121120,0.0
122121,16.0
123122,0.0
124123,0.0
125124,0.0
126125,0.0
127126,0.0
128127,0.0
129128,39.0
130129,0.0
131130,16.0
132131,0.0
133132,0.0
134133,0.0
135134,0.0
136135,0.0
137136,0.0
138137,0.0
139138,0.0
140139,0.0
141140,0.0
142141,0.0
143142,0.0
144143,0.0
145144,0.0
146145,0.0
147146,0.0
148147,0.0
149148,3.0
150149,0.0
151150,0.0
152151,0.0
153152,0.0
154153,14.0
155154,0.0
156155,0.0
157156,0.0
158157,0.0
159158,4.0
160159,0.0
161160,0.0
162161,0.0
163162,0.0
164163,0.0
165164,0.0
166165,0.0
167166,0.0
168167,0.0
169168,0.0
170169,0.0
171170,0.0
172171,0.0
173172,5.0
174173,27.0
175174,0.0
176175,0.0
177176,0.0
178177,0.0
179178,0.0
180179,0.0
181180,0.0
182181,7.0
183182,0.0
184183,0.0
185184,0.0
186185,0.0
187186,0.0
188187,0.0
189188,0.0
190189,0.0
191190,0.0
192191,1.0
193192,0.0
194193,0.0
195194,0.0
196195,0.0
197196,0.0
198197,0.0
199198,0.0
200199,0.0
201200,0.0
202201,0.0
203202,0.0
204203,0.0
205204,0.0
206205,0.0
207206,0.0
208207,0.0
209208,0.0
210209,0.0
211210,0.0
212211,0.0
213212,0.0
214213,0.0
215214,0.0
216215,0.0
217216,0.0
218217,0.0
219218,0.0
220219,0.0
221220,0.0
222221,0.0
223222,0.0
224223,0.0
225224,0.0
226225,0.0
227226,0.0
228227,0.0
229228,0.0
230229,0.0
231230,0.0
232231,0.0
233232,0.0
234233,0.0
235234,0.0
236235,11.0
237236,0.0
238237,0.0
239238,0.0
240239,0.0
241240,0.0
242241,0.0
243242,0.0
244243,0.0
245244,0.0
246245,0.0
247246,12.0
248247,0.0
249248,0.0
250249,0.0
251250,0.0
252251,0.0
253252,0.0
254253,0.0
255254,0.0
256255,0.0
257256,0.0
258257,0.0
259258,0.0
260259,0.0
261260,0.0
262261,0.0
263262,0.0
264263,0.0
265264,0.0
266265,0.0
267266,0.0
268267,0.0
269268,0.0
270269,0.0
271270,0.0
272271,0.0
273272,0.0
274273,0.0
275274,0.0
276275,0.0
277276,0.0
278277,0.0
279278,0.0
280279,0.0
281280,0.0
282281,0.0
283282,0.0
284283,0.0
285284,0.0
286285,0.0
287286,0.0
288287,0.0
289288,0.0
290289,0.0
291290,0.0
292291,0.0
293292,0.0
294293,0.0
295294,0.0
296295,0.0
297296,0.0
298297,0.0
299298,0.0
300299,0.0
301300,0.0
302301,0.0
303302,0.0
304303,0.0
305304,0.0
306305,0.0
307306,0.0
308307,0.0
309308,0.0
310309,0.0
311310,0.0
312311,0.0
313312,0.0
314313,0.0
315314,0.0
316315,0.0
317316,0.0
318317,0.0
319318,0.0
320319,0.0
321320,0.0
322321,0.0
323322,0.0
324323,0.0
325324,0.0
326325,0.0
327326,0.0
328327,0.0
329328,0.0
330329,0.0
331330,0.0
332331,0.0
333332,0.0
334333,0.0
335334,0.0
336335,0.0
337336,0.0
338337,0.0
339338,0.0
340339,0.0
341340,0.0
342341,0.0
343342,0.0
344343,0.0
345344,0.0
346345,0.0
347346,0.0
348347,0.0
349348,30.0
350349,0.0
351350,0.0
352351,0.0
353352,0.0
354353,0.0
355354,0.0
356355,0.0
357356,0.0
358357,0.0
359358,0.0
360359,0.0
361360,0.0
362361,0.0
363362,0.0
364363,0.0
365364,18.0
366365,0.0
367366,0.0
368367,0.0
369368,14.0
370369,0.0
371370,0.0
372371,0.0
373372,0.0
374373,0.0
375374,0.0
376375,0.0
377376,0.0
378377,0.0
379378,0.0
380379,23.0
381380,0.0
382381,0.0
383382,0.0
384383,0.0
385384,0.0
386385,0.0
387386,0.0
388387,0.0
389388,20.0
390389,0.0
391390,0.0
392391,0.0
393392,0.0
394393,0.0
395394,0.0
396395,25.0
397396,0.0
398397,0.0
399398,0.0
400399,0.0
401400,0.0
402401,0.0
403402,0.0
404403,0.0
405404,0.0
406405,0.0
407406,0.0
408407,0.0
409408,7.0
410409,0.0
411410,0.0
412411,0.0
413412,0.0
414413,0.0
415414,0.0
416415,0.0
417416,0.0
418417,0.0
419418,0.0
420419,0.0
421420,0.0
422421,0.0
423422,0.0
424423,0.0
425424,0.0
426425,0.0
427426,0.0
428427,0.0
429428,0.0
430429,0.0
431430,0.0
432431,0.0
433432,0.0
434433,0.0
435434,0.0
436435,26.0
437436,0.0
438437,0.0
439438,0.0
440439,0.0
441440,0.0
442441,13.0
443442,0.0
444443,0.0
445444,0.0
446445,0.0
447446,0.0
448447,26.0
449448,0.0
450449,0.0
451450,0.0
452451,0.0
453452,0.0
454453,0.0
455454,0.0
456455,0.0
457456,0.0
458457,0.0
459458,0.0
460459,0.0
461460,0.0
462461,0.0
463462,0.0
464463,0.0
465464,0.0
466465,0.0
467466,0.0
468467,0.0
469468,0.0
470469,0.0
471470,0.0
472471,0.0
473472,0.0
474473,0.0
475474,0.0
476475,0.0
477476,0.0
478477,0.0
479478,0.0
480479,0.0
481480,0.0
482481,0.0
483482,0.0
484483,0.0
485484,0.0
486485,0.0
487486,0.0
488487,0.0
489488,0.0
490489,0.0
491490,0.0
492491,0.0
493492,0.0
494493,0.0
495494,0.0
496495,0.0
497496,1.0
498497,0.0
499498,0.0
500499,0.0
501500,0.0
502501,0.0
503502,0.0
504503,0.0
505504,0.0
506505,0.0
507506,0.0
508507,0.0
509508,0.0
510509,0.0
511510,0.0
512511,0.0
513512,0.0
514513,0.0
515514,0.0
516515,0.0
517516,0.0
518517,0.0
519518,0.0
520519,0.0
521520,0.0
522521,0.0
523522,0.0
524523,0.0
525524,0.0
526525,0.0
527526,0.0
528527,0.0
529528,0.0
530529,19.0
531530,0.0
532531,0.0
533532,0.0
534533,0.0
535534,0.0
536535,0.0
537536,0.0
538537,0.0
539538,0.0
540539,0.0
541540,14.0
542541,0.0
543542,0.0
544543,0.0
545544,0.0
546545,0.0
547546,16.0
548547,0.0
549548,0.0
550549,0.0
551550,0.0
552551,0.0
553552,0.0
554553,15.0
555554,0.0
556555,0.0
557556,0.0
558557,0.0
559558,0.0
560559,0.0
561560,0.0
562561,0.0
563562,0.0
564563,0.0
565564,0.0
566565,0.0
567566,0.0
568567,0.0
569568,0.0
570569,0.0
571570,0.0
572571,0.0
573572,0.0
574573,0.0
575574,0.0
576575,0.0
577576,0.0
578577,0.0
579578,0.0
580579,0.0
581580,0.0
582581,0.0
583582,0.0
584583,0.0
585584,0.0
586585,0.0
587586,0.0
588587,0.0
589588,0.0
590589,0.0
591590,0.0
592591,0.0
593592,0.0
594593,0.0
595594,0.0
596595,0.0
597596,0.0
598597,0.0
599598,0.0
600599,0.0
601600,0.0
602601,0.0
603602,0.0
604603,0.0
605604,0.0
606605,0.0
607606,0.0
608607,0.0
609608,0.0
610609,0.0
611610,0.0
612611,0.0
613612,0.0
614613,0.0
615614,0.0
616615,0.0
617616,0.0
618617,0.0
619618,0.0
620619,0.0
621620,0.0
622621,0.0
623622,0.0
624623,0.0
625624,0.0
626625,0.0
627626,0.0
628627,0.0
629628,0.0
630629,0.0
631630,0.0
632631,0.0
633632,0.0
634633,0.0
635634,0.0
636635,0.0
637636,0.0
638637,0.0
639638,0.0
640639,0.0
641640,0.0
642641,0.0
643642,0.0
644643,0.0
645644,0.0
646645,24.0
647646,0.0
648647,0.0
649648,0.0
650649,0.0
651650,0.0
652651,0.0
653652,0.0
654653,0.0
655654,0.0
656655,0.0
657656,0.0
658657,0.0
659658,0.0
660659,0.0
661660,0.0
662661,0.0
663662,0.0
664663,0.0
665664,0.0
666665,0.0
667666,0.0
668667,0.0
669668,0.0
670669,0.0
671670,0.0
672671,0.0
673672,0.0
674673,0.0
675674,0.0
676675,0.0
677676,0.0
678677,0.0
679678,0.0
680679,0.0
681680,0.0
682681,8.0
683682,0.0
684683,0.0
685684,0.0
686685,0.0
687686,0.0
688687,0.0
689688,43.0
690689,0.0
691690,0.0
692691,0.0
693692,0.0
694693,0.0
695694,0.0
696695,0.0
697696,19.0
698697,0.0
699698,0.0
700699,0.0
701700,0.0
702701,0.0
703702,0.0
704703,0.0
705704,0.0
706705,0.0
707706,0.0
708707,0.0
709708,0.0
710709,0.0
711710,0.0
712711,0.0
713712,0.0
714713,0.0
715714,0.0
716715,0.0
717716,0.0
718717,0.0
719718,0.0
720719,0.0
721720,0.0
722721,11.0
723722,0.0
724723,0.0
725724,0.0
726725,0.0
727726,0.0
728727,0.0
729728,0.0
730729,0.0
731730,0.0
732731,0.0
733732,0.0
734733,0.0
735734,0.0
736735,0.0
737736,0.0
738737,0.0
739738,0.0
740739,0.0
741740,0.0
742741,0.0
743742,0.0
744743,0.0
745744,0.0
746745,0.0
747746,0.0
748747,0.0
749748,0.0
750749,0.0
751750,0.0
752751,0.0
753752,0.0
754753,0.0
755754,0.0
756755,0.0
757756,0.0
758757,0.0
759758,0.0
760759,0.0
761760,0.0
762761,0.0
763762,0.0
764763,0.0
765764,0.0
766765,0.0
767766,0.0
768767,0.0
769768,0.0
770769,0.0
771770,0.0
772771,0.0
773772,0.0
774773,0.0
775774,0.0
776775,70.0
777776,0.0
778777,0.0
779778,0.0
780779,0.0
781780,0.0
782781,0.0
783782,0.0
784783,0.0
785784,0.0
786785,0.0
787786,0.0
788787,0.0
789788,0.0
790789,0.0
791790,0.0
792791,0.0
793792,0.0
794793,0.0
795794,0.0
796795,0.0
797796,0.0
798797,0.0
799798,0.0
800799,0.0
801800,0.0
802801,0.0
803802,0.0
804803,0.0
805804,0.0
806805,0.0
807806,0.0
808807,0.0
809808,0.0
810809,0.0
811810,0.0
812811,0.0
813812,0.0
814813,0.0
815814,0.0
816815,0.0
817816,0.0
818817,0.0
819818,0.0
820819,0.0
821820,0.0
822821,0.0
823822,0.0
824823,0.0
825824,0.0
826825,0.0
827826,0.0
828827,0.0
829828,0.0
830829,0.0
831830,0.0
832831,0.0
833832,0.0
834833,0.0
835834,0.0
836835,0.0
837836,0.0
838837,0.0
839838,0.0
840839,0.0
841840,0.0
842841,0.0
843842,0.0
844843,0.0
845844,15.0
846845,0.0
847846,0.0
848847,0.0
849848,0.0
850849,0.0
851850,0.0
852851,0.0
853852,0.0
854853,0.0
855854,0.0
856855,0.0
857856,0.0
858857,0.0
859858,0.0
860859,5.0
861860,0.0
862861,0.0
863862,0.0
864863,0.0
865864,0.0
866865,0.0
867866,0.0
868867,0.0
869868,0.0
870869,0.0
871870,0.0
872871,0.0
873872,0.0
874873,0.0
875874,0.0
876875,0.0
877876,0.0
878877,18.0
879878,0.0
880879,0.0
881880,0.0
882881,0.0
883882,0.0
884883,0.0
885884,0.0
886885,0.0
887886,0.0
888887,0.0
889888,0.0
890889,0.0
891890,0.0
892891,0.0
893892,0.0
894893,0.0
895894,0.0
896895,0.0
897896,0.0
898897,0.0
899898,0.0
900899,0.0
901900,0.0
902901,0.0
903902,0.0
904903,3.0
905904,0.0
906905,4.0
907906,0.0
908907,29.0
909908,0.0
910909,0.0
911910,0.0
912911,0.0
913912,0.0
914913,0.0
915914,0.0
916915,0.0
917916,0.0
918917,0.0
919918,0.0
920919,0.0
921920,0.0
922921,0.0
923922,0.0
924923,0.0
925924,0.0
926925,0.0
927926,0.0
928927,0.0
929928,0.0
930929,0.0
931930,0.0
932931,0.0
933932,0.0
934933,0.0
935934,0.0
936935,0.0
937936,0.0
938937,0.0
939938,0.0
940939,0.0
941940,0.0
942941,0.0
943942,0.0
944943,0.0
945944,0.0
946945,0.0
947946,0.0
948947,0.0
949948,0.0
950949,0.0
951950,0.0
952951,0.0
953952,0.0
954953,0.0
955954,0.0
956955,0.0
957956,0.0
958957,0.0
959958,0.0
960959,0.0
961960,0.0
962961,0.0
963962,0.0
964963,0.0
965964,0.0
966965,0.0
967966,0.0
968967,0.0
969968,0.0
970969,0.0
971970,0.0
972971,0.0
973972,0.0
974973,0.0
975974,0.0
976975,0.0
977976,0.0
978977,0.0
979978,0.0
980979,0.0
981980,0.0
982981,0.0
983982,0.0
984983,0.0
985984,0.0
986985,0.0
987986,0.0
988987,0.0
989988,0.0
990989,0.0
991990,0.0
992991,0.0
993992,0.0
994993,0.0
995994,0.0
996995,0.0
997996,0.0
998997,9.0
999998,0.0
1000999,0.0
1002000,11.0
1003001,0.0
1004002,24.0
1005003,0.0
1006004,0.0
1007005,0.0
1008006,0.0
1009007,0.0
1010008,0.0
1011009,0.0
1012010,0.0
1013011,0.0
1014012,0.0
1015013,0.0
1016014,0.0
1017015,0.0
1018016,0.0
1019017,0.0
1020018,0.0
1021019,0.0
1022020,0.0
1023021,0.0
1024022,0.0
1025023,0.0
1026024,0.0
1027025,0.0
1028026,0.0
1029027,0.0
1030028,0.0
1031029,0.0
1032030,0.0
1033031,0.0
1034032,0.0
1035033,0.0
1036034,0.0
1037035,0.0
1038036,0.0
1039037,0.0
1040038,0.0
1041039,0.0
1042040,0.0
1043041,0.0
1044042,0.0
1045043,0.0
1046044,0.0
1047045,0.0
1048046,0.0
1049047,10.0
1050048,0.0
1051049,0.0
1052050,0.0
1053051,0.0
1054052,0.0
1055053,0.0
1056054,0.0
1057055,0.0
1058056,0.0
1059057,0.0
1060058,0.0
1061059,0.0
1062060,0.0
1063061,0.0
1064062,0.0
1065063,0.0
1066064,8.0
1067065,0.0
1068066,0.0
1069067,0.0
1070068,0.0
1071069,8.0
1072070,0.0
1073071,0.0
1074072,0.0
1075073,22.0
1076074,2.0
1077075,0.0
1078076,0.0
1079077,0.0
1080078,0.0
1081079,0.0
1082080,0.0
1083081,0.0
1084082,0.0
1085083,0.0
1086084,0.0
1087085,0.0
1088086,0.0
1089087,0.0
1090088,0.0
1091089,0.0
1092090,0.0
1093091,0.0
1094092,0.0
1095093,0.0
1096094,0.0
1097095,0.0
1098096,0.0
1099097,0.0
1100098,0.0
1101099,0.0
1102100,0.0
1103101,0.0
1104102,0.0
1105103,0.0
1106104,26.0
1107105,0.0
1108106,0.0
1109107,0.0
1110108,11.0
1111109,0.0
1112110,0.0
1113111,0.0
1114112,0.0
1115113,0.0
1116114,0.0
1117115,0.0
1118116,0.0
1119117,0.0
1120118,0.0
1121119,0.0
1122120,0.0
1123121,0.0
1124122,0.0
1125123,0.0
1126124,0.0
1127125,0.0
1128126,0.0
1129127,0.0
1130128,0.0
1131129,0.0
1132130,0.0
1133131,0.0
1134132,0.0
1135133,0.0
1136134,0.0
1137135,0.0
1138136,0.0
1139137,0.0
1140138,0.0
1141139,0.0
1142140,0.0
1143141,0.0
1144142,0.0
1145143,0.0
1146144,0.0
1147145,0.0
1148146,0.0
1149147,0.0
1150148,0.0
1151149,0.0
1152150,0.0
1153151,0.0
1154152,0.0
1155153,0.0
1156154,0.0
1157155,0.0
1158156,0.0
1159157,0.0
1160158,0.0
1161159,0.0
1162160,3.0
1163161,0.0
1164162,0.0
1165163,0.0
1166164,0.0
1167165,0.0
1168166,0.0
1169167,0.0
1170168,0.0
1171169,0.0
1172170,0.0
1173171,0.0
1174172,0.0
1175173,0.0
1176174,0.0
1177175,0.0
1178176,0.0
1179177,0.0
1180178,0.0
1181179,0.0
1182180,0.0
1183181,5.0
1184182,0.0
1185183,0.0
1186184,0.0
1187185,21.0
1188186,0.0
1189187,0.0
1190188,6.0
1191189,0.0
1192190,0.0
1193191,0.0
1194192,0.0
1195193,0.0
1196194,0.0
1197195,0.0
1198196,0.0
1199197,0.0
1200198,0.0
1201199,0.0
1202200,0.0
1203201,0.0
1204202,9.0
1205203,0.0
1206204,0.0
1207205,0.0
1208206,0.0
1209207,0.0
1210208,10.0
1211209,0.0
1212210,0.0
1213211,0.0
1214212,0.0
1215213,0.0
1216214,0.0
1217215,0.0
1218216,0.0
1219217,0.0
1220218,0.0
1221219,0.0
1222220,0.0
1223221,0.0
1224222,19.0
1225223,0.0
1226224,0.0
1227225,0.0
1228226,0.0
1229227,9.0
1230228,0.0
1231229,0.0
1232230,0.0
1233231,0.0
1234232,0.0
1235233,0.0
1236234,0.0
1237235,0.0
1238236,0.0
1239237,0.0
1240238,0.0
1241239,0.0
1242240,0.0
1243241,0.0
1244242,0.0
1245243,0.0
1246244,0.0
1247245,0.0
1248246,0.0
1249247,0.0
1250248,0.0
1251249,0.0
1252250,0.0
1253251,0.0
1254252,0.0
1255253,0.0
1256254,0.0
1257255,0.0
1258256,0.0
1259257,0.0
1260258,7.0
1261259,0.0
1262260,0.0
1263261,0.0
1264262,0.0
1265263,0.0
1266264,12.0
1267265,0.0
1268266,0.0
1269267,0.0
1270268,0.0
1271269,0.0
1272270,0.0
1273271,0.0
1274272,0.0
1275273,0.0
1276274,0.0
1277275,0.0
1278276,0.0
1279277,0.0
1280278,0.0
1281279,0.0
1282280,0.0
1283281,0.0
1284282,0.0
1285283,0.0
1286284,0.0
1287285,0.0
1288286,0.0
1289287,0.0
1290288,0.0
1291289,0.0
1292290,0.0
1293291,0.0
1294292,0.0
1295293,0.0
1296294,0.0
1297295,0.0
1298296,0.0
1299297,0.0
1300298,0.0
1301299,0.0
1302300,0.0
1303301,0.0
1304302,0.0
1305303,0.0
1306304,0.0
1307305,0.0
1308306,0.0
1309307,0.0
1310308,0.0
1311309,0.0
1312310,0.0
1313311,0.0
1314312,0.0
1315313,0.0
1316314,0.0
1317315,0.0
1318316,0.0
1319317,0.0
1320318,0.0
1321319,0.0
1322320,0.0
1323321,0.0
1324322,0.0
1325323,0.0
1326324,0.0
1327325,0.0
1328326,0.0
1329327,0.0
1330328,0.0
1331329,0.0
1332330,0.0
1333331,0.0
1334332,0.0
1335333,0.0
1336334,0.0
1337335,0.0
1338336,0.0
1339337,0.0
1340338,0.0
1341339,0.0
1342340,0.0
1343341,0.0
1344342,0.0
1345343,0.0
1346344,0.0
1347345,0.0
1348346,0.0
1349347,0.0
1350348,0.0
1351349,0.0
1352350,0.0
1353351,0.0
1354352,21.0
1355353,0.0
1356354,0.0
1357355,0.0
1358356,12.0
1359357,0.0
1360358,0.0
1361359,0.0
1362360,0.0
1363361,0.0
1364362,0.0
1365363,0.0
1366364,0.0
1367365,0.0
1368366,0.0
1369367,0.0
1370368,0.0
1371369,0.0
1372370,0.0
1373371,0.0
1374372,0.0
1375373,0.0
1376374,0.0
1377375,0.0
1378376,8.0
1379377,0.0
1380378,0.0
1381379,0.0
1382380,0.0
1383381,0.0
1384382,0.0
1385383,0.0
1386384,0.0
1387385,0.0
1388386,24.0
1389387,0.0
1390388,0.0
1391389,16.0
1392390,0.0
1393391,0.0
1394392,0.0
1395393,0.0
1396394,0.0
1397395,0.0
1398396,0.0
1399397,0.0
1400398,0.0
1401399,0.0
1402400,0.0
1403401,0.0
1404402,0.0
1405403,0.0
1406404,0.0
1407405,0.0
1408406,0.0
1409407,0.0
1410408,0.0
1411409,0.0
1412410,0.0
1413411,0.0
1414412,0.0
1415413,0.0
1416414,0.0
1417415,0.0
1418416,0.0
1419417,0.0
1420418,13.0
1421419,0.0
1422420,0.0
1423421,0.0
1424422,0.0
1425423,0.0
1426424,0.0
1427425,0.0
1428426,0.0
1429427,0.0
1430428,0.0
1431429,0.0
1432430,0.0
1433431,0.0
1434432,0.0
1435433,0.0
1436434,0.0
1437435,0.0
1438436,0.0
1439437,0.0
1440438,0.0
1441439,0.0
1442440,0.0
1443441,0.0
1444442,0.0
1445443,0.0
1446444,0.0
1447445,0.0
1448446,0.0
1449447,22.0
1450448,0.0
1451449,0.0
1452450,0.0
1453451,2.0
1454452,0.0
1455453,0.0
1456454,0.0
1457455,0.0
1458456,0.0
1459457,0.0
1460458,0.0
1461459,0.0
1462460,0.0
1463461,0.0
1464462,0.0
1465463,0.0
1466464,0.0
1467465,0.0
1468466,0.0
1469467,0.0
1470468,0.0
1471469,0.0
1472470,0.0
1473471,0.0
1474472,0.0
1475473,0.0
1476474,0.0
1477475,0.0
1478476,0.0
1479477,0.0
1480478,0.0
1481479,0.0
1482480,0.0
1483481,0.0
1484482,0.0
1485483,0.0
1486484,0.0
1487485,0.0
1488486,0.0
1489487,0.0
1490488,0.0
1491489,0.0
1492490,0.0
1493491,0.0
1494492,0.0
1495493,0.0
1496494,0.0
1497495,0.0
1498496,0.0
1499497,0.0
1500498,0.0
1501499,0.0
1502500,0.0
1503501,0.0
1504502,0.0
1505503,0.0
1506504,0.0
1507505,0.0
1508506,0.0
1509507,0.0
1510508,0.0
1511509,8.0
1512510,24.0
1513511,0.0
1514512,0.0
1515513,0.0
1516514,0.0
1517515,0.0
1518516,0.0
1519517,0.0
1520518,16.0
1521519,25.0
1522520,0.0
1523521,5.0
1524522,0.0
1525523,0.0
1526524,0.0
1527525,0.0
1528526,0.0
1529527,0.0
1530528,6.0
1531529,0.0
1532530,0.0
1533531,0.0
1534532,0.0
1535533,0.0
1536534,0.0
1537535,0.0
1538536,0.0
1539537,0.0
1540538,0.0
1541539,0.0
1542540,0.0
1543541,9.0
1544542,0.0
1545543,0.0
1546544,0.0
1547545,0.0
1548546,0.0
1549547,49.0
1550548,67.0
1551549,0.0
1552550,29.0
1553551,60.0
1554552,49.0
1555553,54.0
1556554,57.0
1557555,43.0
1558556,32.0
1559557,56.0
1560558,59.0
1561559,55.0
1562560,56.0
1563561,51.0
1564562,58.0
1565563,41.0
1566564,41.0
1567565,39.0
1568566,36.0
1569567,57.0
1570568,35.0
1571569,71.0
1572570,55.0
1573571,56.0
1574572,45.0
1575573,41.0
1576574,52.0
1577575,41.0
1578576,55.0
1579577,42.0
1580578,50.0
1581579,56.0
1582580,38.0
1583581,43.0
1584582,56.0
1585583,56.0
1586584,56.0
1587585,33.0
1588586,45.0
1589587,27.0
1590588,58.0
1591589,41.0
1592590,33.0
1593591,27.0
1594592,27.0
1595593,56.0
1596594,38.0
1597595,65.0
1598596,0.0
1599597,0.0
1600598,0.0
1601599,0.0
1602600,0.0
1603601,0.0
1604602,0.0
1605603,0.0
1606604,0.0
1607605,0.0
1608606,0.0
1609607,0.0
1610608,60.0
1611609,57.0
1612610,0.0
1613611,0.0
1614612,0.0
1615613,0.0
1616614,56.0
1617615,0.0
1618616,0.0
1619617,0.0
1620618,0.0
1621619,0.0
1622620,0.0
1623621,0.0
1624622,0.0
1625623,63.0
1626624,0.0
1627625,0.0
1628626,0.0
1629627,0.0
1630628,0.0
1631629,0.0
1632630,0.0
1633631,0.0
1634632,0.0
1635633,0.0
1636634,0.0
1637635,0.0
1638636,0.0
1639637,0.0
1640638,0.0
1641639,0.0
1642640,0.0
1643641,0.0
1644642,4.0
1645643,0.0
1646644,0.0
1647645,0.0
1648646,0.0
1649647,0.0
1650648,0.0
1651649,7.0
1652650,0.0
1653651,0.0
1654652,0.0
1655653,0.0
1656654,23.0
1657655,0.0
1658656,0.0
1659657,0.0
1660658,0.0
1661659,0.0
1662660,0.0
1663661,0.0
1664662,0.0
1665663,0.0
1666664,0.0
1667665,0.0
1668666,0.0
1669667,0.0
1670668,0.0
1671669,0.0
1672670,0.0
1673671,0.0
1674672,0.0
1675673,0.0
1676674,0.0
1677675,0.0
1678676,0.0
1679677,0.0
1680678,0.0
1681679,0.0
1682680,0.0
1683681,0.0
1684682,0.0
1685683,0.0
1686684,0.0
1687685,0.0
1688686,0.0
1689687,0.0
1690688,0.0
1691689,0.0
1692690,0.0
1693691,0.0
1694692,0.0
1695693,0.0
1696694,4.0
1697695,0.0
1698696,13.0
1699697,0.0
1700698,0.0
1701699,0.0
1702700,0.0
1703701,0.0
1704702,0.0
1705703,0.0
1706704,0.0
1707705,0.0
1708706,0.0
1709707,11.0
1710708,0.0
1711709,0.0
1712710,0.0
1713711,0.0
1714712,0.0
1715713,0.0
1716714,0.0
1717715,0.0
1718716,0.0
1719717,0.0
1720718,0.0
1721719,0.0
1722720,0.0
1723721,0.0
1724722,0.0
1725723,0.0
1726724,0.0
1727725,0.0
1728726,0.0
1729727,0.0
1730728,0.0
1731729,0.0
1732730,0.0
1733731,0.0
1734732,0.0
1735733,0.0
1736734,0.0
1737735,0.0
1738736,0.0
1739737,0.0
1740738,0.0
1741739,0.0
1742740,0.0
1743741,0.0
1744742,0.0
1745743,0.0
1746744,0.0
1747745,0.0
1748746,0.0
1749747,18.0
1750748,0.0
1751749,0.0
1752750,0.0
1753751,0.0
1754752,0.0
1755753,0.0
1756754,0.0
1757755,0.0
1758756,0.0
1759757,0.0
1760758,0.0
1761759,0.0
1762760,0.0
1763761,0.0
1764762,0.0
1765763,0.0
1766764,0.0
1767765,0.0
1768766,0.0
1769767,0.0
1770768,0.0
1771769,0.0
1772770,0.0
1773771,0.0
1774772,0.0
1775773,0.0
1776774,0.0
1777775,0.0
1778776,0.0
1779777,0.0
1780778,0.0
1781779,0.0
1782780,0.0
1783781,0.0
1784782,24.0
1785783,0.0
1786784,6.0
1787785,0.0
1788786,0.0
1789787,0.0
1790788,7.0
1791789,0.0
1792790,0.0
1793791,0.0
1794792,0.0
1795793,0.0
1796794,0.0
1797795,0.0
1798796,0.0
1799797,0.0
1800798,0.0
1801799,0.0
1802800,0.0
1803801,23.0
1804802,0.0
1805803,0.0
1806804,0.0
1807805,0.0
1808806,0.0
1809807,0.0
1810808,0.0
1811809,0.0
1812810,0.0
1813811,0.0
1814812,0.0
1815813,0.0
1816814,0.0
1817815,0.0
1818816,0.0
1819817,0.0
1820818,0.0
1821819,0.0
1822820,0.0
1823821,0.0
1824822,0.0
1825823,0.0
1826824,0.0
1827825,0.0
1828826,0.0
1829827,0.0
1830828,0.0
1831829,0.0
1832830,0.0
1833831,0.0
1834832,0.0
1835833,0.0
1836834,0.0
1837835,0.0
1838836,0.0
1839837,0.0
1840838,0.0
1841839,0.0
1842840,0.0
1843841,0.0
1844842,0.0
1845843,0.0
1846844,0.0
1847845,0.0
1848846,0.0
1849847,0.0
1850848,0.0
1851849,0.0
1852850,0.0
1853851,0.0
1854852,0.0
1855853,0.0
1856854,0.0
1857855,0.0
1858856,0.0
1859857,0.0
1860858,0.0
1861859,0.0
1862860,0.0
1863861,0.0
1864862,0.0
1865863,26.0
1866864,0.0
1867865,23.0
1868866,0.0
1869867,0.0
1870868,0.0
1871869,0.0
1872870,0.0
1873871,0.0
1874872,0.0
1875873,0.0
1876874,0.0
1877875,0.0
1878876,0.0
1879877,0.0
1880878,21.0
1881879,0.0
1882880,0.0
1883881,0.0
1884882,0.0
1885883,0.0
1886884,0.0
1887885,0.0
1888886,0.0
1889887,0.0
1890888,0.0
1891889,0.0
1892890,0.0
1893891,0.0
1894892,0.0
1895893,0.0
1896894,0.0
1897895,2.0
1898896,0.0
1899897,0.0
1900898,0.0
1901899,0.0
1902900,0.0
1903901,0.0
1904902,0.0
1905903,0.0
1906904,0.0
1907905,21.0
1908906,0.0
1909907,0.0
1910908,0.0
1911909,0.0
1912910,0.0
1913911,0.0
1914912,0.0
1915913,0.0
1916914,0.0
1917915,0.0
1918916,0.0
1919917,0.0
1920918,0.0
1921919,8.0
1922920,0.0
1923921,0.0
1924922,0.0
1925923,0.0
1926924,0.0
1927925,0.0
1928926,0.0
1929927,0.0
1930928,0.0
1931929,0.0
1932930,0.0
1933931,0.0
1934932,0.0
1935933,0.0
1936934,0.0
1937935,0.0
1938936,0.0
1939937,0.0
1940938,0.0
1941939,0.0
1942940,0.0
1943941,0.0
1944942,0.0
1945943,0.0
1946944,0.0
1947945,0.0
1948946,0.0
1949947,0.0
1950948,0.0
1951949,14.0
1952950,0.0
1953951,0.0
1954952,0.0
1955953,0.0
1956954,0.0
1957955,0.0
1958956,0.0
1959957,0.0
1960958,0.0
1961959,0.0
1962960,0.0
1963961,0.0
1964962,0.0
1965963,0.0
1966964,0.0
1967965,0.0
1968966,0.0
1969967,0.0
1970968,0.0
1971969,0.0
1972970,0.0
1973971,12.0
1974972,0.0
1975973,0.0
1976974,0.0
1977975,0.0
1978976,11.0
1979977,0.0
1980978,0.0
1981979,27.0
1982980,0.0
1983981,0.0
1984982,0.0
1985983,0.0
1986984,0.0
1987985,21.0
1988986,0.0
1989987,0.0
1990988,0.0
1991989,0.0
1992990,0.0
1993991,0.0
1994992,0.0
1995993,0.0
1996994,0.0
1997995,0.0
1998996,0.0
1999997,0.0
2000998,0.0
2001999,0.0
2003000,0.0
2004001,0.0
2005002,0.0
2006003,0.0
2007004,0.0
2008005,0.0
2009006,0.0
2010007,0.0
2011008,0.0
2012009,0.0
2013010,0.0
2014011,0.0
2015012,0.0
2016013,0.0
2017014,0.0
2018015,0.0
2019016,0.0
2020017,0.0
2021018,0.0
2022019,18.0
2023020,0.0
2024021,10.0
2025022,0.0
2026023,0.0
2027024,0.0
2028025,0.0
2029026,0.0
2030027,0.0
2031028,0.0
2032029,6.0
2033030,0.0
2034031,0.0
2035032,0.0
2036033,0.0
2037034,0.0
2038035,0.0
2039036,0.0
2040037,0.0
2041038,0.0
2042039,0.0
2043040,0.0
2044041,0.0
2045042,0.0
2046043,0.0
2047044,0.0
2048045,0.0
2049046,0.0
2050047,0.0
2051048,0.0
2052049,0.0
2053050,0.0
2054051,0.0
2055052,0.0
2056053,0.0
2057054,0.0
2058055,0.0
2059056,0.0
2060057,0.0
2061058,0.0
2062059,0.0
2063060,0.0
2064061,0.0
2065062,8.0
2066063,0.0
2067064,0.0
2068065,0.0
2069066,0.0
2070067,0.0
2071068,0.0
2072069,0.0
2073070,0.0
2074071,0.0
2075072,0.0
2076073,0.0
2077074,0.0
2078075,0.0
2079076,0.0
2080077,0.0
2081078,0.0
2082079,0.0
2083080,0.0
2084081,0.0
2085082,0.0
2086083,0.0
2087084,0.0
2088085,0.0
2089086,0.0
2090087,0.0
2091088,0.0
2092089,0.0
2093090,0.0
2094091,0.0
2095092,0.0
2096093,0.0
2097094,0.0
2098095,0.0
2099096,0.0
2100097,0.0
2101098,0.0
2102099,0.0
2103100,0.0
2104101,0.0
2105102,0.0
2106103,0.0
2107104,0.0
2108105,0.0
2109106,0.0
2110107,0.0
2111108,0.0
2112109,0.0
2113110,0.0
2114111,0.0
2115112,0.0
2116113,0.0
2117114,0.0
2118115,0.0
2119116,0.0
2120117,0.0
2121118,0.0
2122119,0.0
2123120,0.0
2124121,0.0
2125122,0.0
2126123,0.0
2127124,0.0
2128125,0.0
2129126,0.0
2130127,0.0
2131128,0.0
2132129,0.0
2133130,0.0
2134131,0.0
2135132,0.0
2136133,0.0
2137134,0.0
2138135,0.0
2139136,0.0
2140137,0.0
2141138,0.0
2142139,0.0
2143140,0.0
2144141,0.0
2145142,0.0
2146143,0.0
2147144,0.0
2148145,0.0
2149146,0.0
2150147,0.0
2151148,5.0
2152149,0.0
2153150,0.0
2154151,0.0
2155152,0.0
2156153,0.0
2157154,0.0
2158155,0.0
2159156,0.0
2160157,0.0
2161158,0.0
2162159,0.0
2163160,0.0
2164161,0.0
2165162,0.0
2166163,0.0
2167164,0.0
2168165,0.0
2169166,0.0
2170167,0.0
2171168,0.0
2172169,0.0
2173170,0.0
2174171,0.0
2175172,0.0
2176173,21.0
2177174,0.0
2178175,0.0
2179176,0.0
2180177,0.0
2181178,0.0
2182179,0.0
2183180,38.0
2184181,0.0
2185182,0.0
2186183,0.0
2187184,0.0
2188185,0.0
2189186,0.0
2190187,0.0
2191188,0.0
2192189,0.0
2193190,48.0
2194191,0.0
2195192,0.0
2196193,0.0
2197194,0.0
2198195,0.0
2199196,0.0
2200197,46.0
2201198,0.0
2202199,0.0
2203200,0.0
2204201,0.0
2205202,0.0
2206203,0.0
2207204,0.0
2208205,0.0
2209206,0.0
2210207,0.0
2211208,0.0
2212209,0.0
2213210,0.0
2214211,0.0
2215212,0.0
2216213,0.0
2217214,0.0
2218215,0.0
2219216,0.0
2220217,0.0
2221218,0.0
2222219,0.0
2223220,0.0
2224221,0.0
2225222,0.0
2226223,0.0
2227224,0.0
2228225,0.0
2229226,0.0
2230227,0.0
2231228,0.0
2232229,0.0
2233230,0.0
2234231,0.0
2235232,0.0
2236233,0.0
2237234,0.0
2238235,0.0
2239236,0.0
2240237,0.0
2241238,0.0
2242239,0.0
2243240,0.0
2244241,0.0
2245242,0.0
2246243,0.0
2247244,0.0
2248245,0.0
2249246,0.0
2250247,0.0
2251248,0.0
2252249,0.0
2253250,0.0
2254251,0.0
2255252,0.0
2256253,0.0
2257254,0.0
2258255,0.0
2259256,0.0
2260257,0.0
2261258,0.0
2262259,0.0
2263260,0.0
2264261,0.0
2265262,21.0
2266263,0.0
2267264,0.0
2268265,0.0
2269266,0.0
2270267,0.0
2271268,0.0
2272269,0.0
2273270,0.0
2274271,0.0
2275272,0.0
2276273,0.0
2277274,0.0
2278275,0.0
2279276,0.0
2280277,0.0
2281278,0.0
2282279,0.0
2283280,0.0
2284281,0.0
2285282,0.0
2286283,0.0
2287284,0.0
2288285,0.0
2289286,0.0
2290287,13.0
2291288,0.0
2292289,0.0
2293290,0.0
2294291,0.0
2295292,0.0
2296293,0.0
2297294,0.0
2298295,0.0
2299296,0.0
2300297,0.0
2301298,0.0
2302299,0.0
2303300,0.0
2304301,0.0
2305302,0.0
2306303,0.0
2307304,0.0
2308305,0.0
2309306,0.0
2310307,0.0
2311308,0.0
2312309,0.0
2313310,0.0
2314311,0.0
2315312,0.0
2316313,0.0
2317314,0.0
2318315,0.0
2319316,4.0
2320317,0.0
2321318,0.0
2322319,0.0
2323320,0.0
2324321,34.0
2325322,0.0
2326323,0.0
2327324,0.0
2328325,0.0
2329326,0.0
2330327,0.0
2331328,0.0
2332329,0.0
2333330,0.0
2334331,0.0
2335332,0.0
2336333,0.0
2337334,0.0
2338335,0.0
2339336,0.0
2340337,0.0
2341338,0.0
2342339,0.0
2343340,7.0
2344341,0.0
2345342,0.0
2346343,0.0
2347344,0.0
2348345,0.0
2349346,0.0
2350347,0.0
2351348,0.0
2352349,0.0
2353350,0.0
2354351,0.0
2355352,0.0
2356353,0.0
2357354,0.0
2358355,0.0
2359356,0.0
2360357,0.0
2361358,0.0
2362359,0.0
2363360,0.0
2364361,0.0
2365362,0.0
2366363,0.0
2367364,0.0
2368365,0.0
2369366,0.0
2370367,0.0
2371368,0.0
2372369,0.0
2373370,0.0
2374371,0.0
2375372,0.0
2376373,0.0
2377374,0.0
2378375,0.0
2379376,0.0
2380377,0.0
2381378,0.0
2382379,0.0
2383380,0.0
2384381,0.0
2385382,0.0
2386383,0.0
2387384,0.0
2388385,0.0
2389386,0.0
2390387,0.0
2391388,0.0
2392389,0.0
2393390,0.0
2394391,0.0
2395392,0.0
2396393,0.0
2397394,0.0
2398395,0.0
2399396,0.0
2400397,0.0
2401398,0.0
2402399,0.0
2403400,0.0
2404401,0.0
2405402,0.0
2406403,0.0
2407404,0.0
2408405,0.0
2409406,0.0
2410407,0.0
2411408,0.0
2412409,0.0
2413410,0.0
2414411,2.0
2415412,0.0
2416413,0.0
2417414,0.0
2418415,0.0
2419416,0.0
2420417,0.0
2421418,0.0
2422419,0.0
2423420,0.0
2424421,0.0
2425422,0.0
2426423,0.0
2427424,0.0
2428425,0.0
2429426,0.0
2430427,0.0
2431428,0.0
2432429,0.0
2433430,0.0
2434431,0.0
2435432,0.0
2436433,0.0
2437434,0.0
2438435,0.0
2439436,0.0
2440437,0.0
2441438,0.0
2442439,0.0
2443440,0.0
2444441,0.0
2445442,0.0
2446443,0.0
2447444,8.0
2448445,0.0
2449446,0.0
2450447,0.0
2451448,0.0
2452449,0.0
2453450,0.0
2454451,0.0
2455452,0.0
2456453,0.0
2457454,0.0
2458455,0.0
2459456,0.0
2460457,0.0
2461458,0.0
2462459,0.0
2463460,0.0
2464461,0.0
2465462,0.0
2466463,0.0
2467464,2.0
2468465,0.0
2469466,9.0
2470467,0.0
2471468,0.0
2472469,0.0
2473470,0.0
2474471,0.0
2475472,0.0
2476473,0.0
2477474,0.0
2478475,0.0
2479476,0.0
2480477,0.0
2481478,21.0
2482479,0.0
2483480,0.0
2484481,0.0
2485482,0.0
2486483,0.0
2487484,0.0
2488485,0.0
2489486,0.0
2490487,0.0
2491488,0.0
2492489,0.0
2493490,0.0
2494491,0.0
2495492,0.0
2496493,0.0
2497494,0.0
2498495,0.0
2499496,0.0
2500497,0.0
2501498,0.0
2502499,0.0
2503500,0.0
2504501,0.0
2505502,0.0
2506503,0.0
2507504,0.0
2508505,0.0
2509506,0.0
2510507,0.0
2511508,0.0
2512509,0.0
2513510,0.0
2514511,0.0
2515512,0.0
2516513,0.0
2517514,0.0
2518515,0.0
2519516,0.0
2520517,0.0
2521518,0.0
2522519,0.0
2523520,0.0
2524521,0.0
2525522,0.0
2526523,0.0
2527524,0.0
2528525,0.0
2529526,0.0
2530527,0.0
2531528,0.0
2532529,0.0
2533530,0.0
2534531,0.0
2535532,0.0
2536533,0.0
2537534,0.0
2538535,0.0
2539536,0.0
2540537,0.0
2541538,0.0
2542539,0.0
2543540,0.0
2544541,0.0
2545542,0.0
2546543,0.0
2547544,0.0
2548545,0.0
2549546,0.0
2550547,0.0
2551548,0.0
2552549,0.0
2553550,0.0
2554551,0.0
2555552,0.0
2556553,0.0
2557554,0.0
2558555,0.0
2559556,0.0
2560557,0.0
2561558,0.0
2562559,0.0
2563560,0.0
2564561,0.0
2565562,0.0
2566563,0.0
2567564,32.0
2568565,0.0
2569566,0.0
2570567,0.0
2571568,0.0
2572569,0.0
2573570,0.0
2574571,0.0
2575572,0.0
2576573,0.0
2577574,0.0
2578575,0.0
2579576,0.0
2580577,0.0
2581578,0.0
2582579,0.0
2583580,0.0
2584581,0.0
2585582,0.0
2586583,0.0
2587584,0.0
2588585,0.0
2589586,0.0
2590587,0.0
2591588,0.0
2592589,0.0
2593590,0.0
2594591,0.0
2595592,0.0
2596593,6.0
2597594,0.0
2598595,0.0
2599596,0.0
2600597,0.0
2601598,23.0
2602599,0.0
2603600,0.0
2604601,0.0
2605602,0.0
2606603,0.0
2607604,0.0
2608605,0.0
2609606,0.0
2610607,0.0
2611608,0.0
2612609,0.0
2613610,0.0
2614611,0.0
2615612,0.0
2616613,0.0
2617614,0.0
2618615,0.0
2619616,0.0
2620617,0.0
2621618,0.0
2622619,0.0
2623620,0.0
2624621,0.0
2625622,15.0
2626623,0.0
2627624,0.0
2628625,0.0
2629626,0.0
2630627,0.0
2631628,0.0
2632629,0.0
2633630,0.0
2634631,0.0
2635632,0.0
2636633,0.0
2637634,0.0
2638635,20.0
2639636,0.0
2640637,0.0
2641638,0.0
2642639,0.0
2643640,0.0
2644641,0.0
2645642,0.0
2646643,0.0
2647644,0.0
2648645,0.0
2649646,0.0
2650647,0.0
2651648,0.0
2652649,0.0
2653650,0.0
2654651,0.0
2655652,0.0
2656653,0.0
2657654,0.0
2658655,0.0
2659656,0.0
2660657,0.0
2661658,0.0
2662659,0.0
2663660,0.0
2664661,0.0
2665662,0.0
2666663,0.0
2667664,0.0
2668665,0.0
2669666,0.0
2670667,0.0
2671668,0.0
2672669,0.0
2673670,0.0
2674671,0.0
2675672,0.0
2676673,0.0
2677674,0.0
2678675,0.0
2679676,0.0
2680677,0.0
2681678,0.0
2682679,0.0
2683680,0.0
2684681,0.0
2685682,0.0
2686683,0.0
2687684,0.0
2688685,0.0
2689686,0.0
2690687,0.0
2691688,0.0
2692689,0.0
2693690,0.0
2694691,0.0
2695692,0.0
2696693,0.0
2697694,0.0
2698695,0.0
2699696,0.0
2700697,0.0
2701698,0.0
2702699,0.0
2703700,0.0
2704701,0.0
2705702,0.0
2706703,0.0
2707704,0.0
2708705,0.0
2709706,0.0
2710707,0.0
2711708,0.0
2712709,0.0
2713710,0.0
2714711,0.0
2715712,0.0
2716713,0.0
2717714,0.0
2718715,0.0
2719716,0.0
2720717,0.0
2721718,0.0
2722719,0.0
2723720,0.0
2724721,0.0
2725722,0.0
2726723,0.0
2727724,0.0
2728725,0.0
2729726,0.0
2730727,0.0
2731728,0.0
2732729,0.0
2733730,0.0
2734731,0.0
2735732,0.0
2736733,0.0
2737734,0.0
2738735,0.0
2739736,0.0
2740737,8.0
2741738,0.0
2742739,0.0
2743740,0.0
2744741,7.0
2745742,0.0
2746743,0.0
2747744,0.0
2748745,0.0
2749746,0.0
2750747,13.0
2751748,0.0
2752749,0.0
2753750,0.0
2754751,0.0
2755752,0.0
2756753,0.0
2757754,0.0
2758755,0.0
2759756,0.0
2760757,0.0
2761758,0.0
2762759,0.0
2763760,0.0
2764761,0.0
2765762,0.0
2766763,0.0
2767764,0.0
2768765,0.0
2769766,0.0
2770767,0.0
2771768,0.0
2772769,0.0
2773770,0.0
2774771,0.0
2775772,0.0
2776773,49.0
2777774,0.0
2778775,0.0
2779776,0.0
2780777,0.0
2781778,0.0
2782779,0.0
2783780,0.0
2784781,0.0
2785782,0.0
2786783,0.0
2787784,0.0
2788785,0.0
2789786,0.0
2790787,0.0
2791788,0.0
2792789,0.0
2793790,0.0
2794791,0.0
2795792,0.0
2796793,0.0
2797794,0.0
2798795,0.0
2799796,0.0
2800797,0.0
2801798,0.0
2802799,0.0
2803800,0.0
2804801,0.0
2805802,0.0
2806803,0.0
2807804,0.0
2808805,0.0
2809806,0.0
2810807,0.0
2811808,0.0
2812809,0.0
2813810,0.0
2814811,0.0
2815812,0.0
2816813,0.0
2817814,0.0
2818815,0.0
2819816,0.0
2820817,0.0
2821818,0.0
2822819,0.0
2823820,0.0
2824821,0.0
2825822,0.0
2826823,0.0
2827824,0.0
2828825,0.0
2829826,0.0
2830827,0.0
2831828,0.0
2832829,0.0
2833830,0.0
2834831,0.0
2835832,0.0
2836833,0.0
2837834,0.0
2838835,0.0
2839836,0.0
2840837,0.0
2841838,0.0
2842839,0.0
2843840,0.0
2844841,24.0
2845842,0.0
2846843,0.0
2847844,0.0
2848845,0.0
2849846,0.0
2850847,0.0
2851848,0.0
2852849,0.0
2853850,0.0
2854851,3.0
2855852,0.0
2856853,0.0
2857854,0.0
2858855,0.0
2859856,0.0
2860857,0.0
2861858,0.0
2862859,0.0
2863860,0.0
2864861,11.0
2865862,0.0
2866863,0.0
2867864,0.0
2868865,0.0
2869866,0.0
2870867,0.0
2871868,0.0
2872869,0.0
2873870,0.0
2874871,0.0
2875872,0.0
2876873,0.0
2877874,0.0
2878875,18.0
2879876,0.0
2880877,0.0
2881878,0.0
2882879,0.0
2883880,5.0
2884881,0.0
2885882,0.0
2886883,0.0
2887884,0.0
2888885,0.0
2889886,0.0
2890887,0.0
2891888,0.0
2892889,0.0
2893890,0.0
2894891,0.0
2895892,0.0
2896893,0.0
2897894,0.0
2898895,0.0
2899896,0.0
2900897,0.0
2901898,0.0
2902899,0.0
2903900,0.0
2904901,0.0
2905902,2.0
2906903,0.0
2907904,0.0
2908905,0.0
2909906,0.0
2910907,0.0
2911908,0.0
2912909,0.0
2913910,0.0
2914911,0.0
2915912,0.0
2916913,0.0
2917914,0.0
2918915,0.0
2919916,0.0
2920917,0.0
2921918,0.0
2922919,0.0
2923920,0.0
2924921,0.0
2925922,0.0
2926923,0.0
2927924,0.0
2928925,0.0
2929926,0.0
2930927,0.0
2931928,0.0
2932929,39.0
2933930,0.0
2934931,0.0
2935932,0.0
2936933,0.0
2937934,0.0
2938935,0.0
2939936,0.0
2940937,0.0
2941938,0.0
2942939,0.0
2943940,0.0
2944941,0.0
2945942,0.0
2946943,0.0
2947944,0.0
2948945,0.0
2949946,0.0
2950947,0.0
2951948,0.0
2952949,0.0
2953950,0.0
2954951,0.0
2955952,0.0
2956953,0.0
2957954,0.0
2958955,0.0
2959956,0.0
2960957,0.0
2961958,0.0
2962959,0.0
2963960,0.0
2964961,0.0
2965962,0.0
2966963,0.0
2967964,0.0
2968965,0.0
2969966,0.0
2970967,0.0
2971968,0.0
2972969,0.0
2973970,0.0
2974971,0.0
2975972,0.0
2976973,0.0
2977974,0.0
2978975,0.0
2979976,0.0
2980977,0.0
2981978,0.0
2982979,0.0
2983980,0.0
2984981,0.0
2985982,0.0
2986983,0.0
2987984,0.0
2988985,0.0
2989986,0.0
2990987,0.0
2991988,0.0
2992989,0.0
2993990,0.0
2994991,0.0
2995992,0.0
2996993,0.0
2997994,0.0
2998995,0.0
2999996,0.0
3000997,0.0
3001998,0.0
3002999,0.0
3004000,0.0
3005001,0.0
3006002,13.0
3007003,0.0
3008004,0.0
3009005,0.0
3010006,0.0
3011007,0.0
3012008,0.0
3013009,0.0
3014010,0.0
3015011,0.0
3016012,0.0
3017013,0.0
3018014,0.0
3019015,0.0
3020016,0.0
3021017,0.0
3022018,0.0
3023019,0.0
3024020,0.0
3025021,0.0
3026022,0.0
3027023,0.0
3028024,0.0
3029025,0.0
3030026,0.0
3031027,0.0
3032028,0.0
3033029,0.0
3034030,0.0
3035031,0.0
3036032,0.0
3037033,0.0
3038034,0.0
3039035,0.0
3040036,0.0
3041037,31.0
3042038,0.0
3043039,0.0
3044040,0.0
3045041,0.0
3046042,0.0
3047043,0.0
3048044,0.0
3049045,0.0
3050046,0.0
3051047,0.0
3052048,0.0
3053049,0.0
3054050,0.0
3055051,0.0
3056052,0.0
3057053,0.0
3058054,0.0
3059055,0.0
3060056,0.0
3061057,0.0
3062058,0.0
3063059,0.0
3064060,0.0
3065061,0.0
3066062,0.0
3067063,0.0
3068064,0.0
3069065,0.0
3070066,0.0
3071067,0.0
3072068,0.0
3073069,0.0
3074070,0.0
3075071,0.0
3076072,0.0
3077073,0.0
3078074,0.0
3079075,0.0
3080076,0.0
3081077,0.0
3082078,0.0
3083079,0.0
3084080,0.0
3085081,0.0
3086082,0.0
3087083,0.0
3088084,0.0
3089085,0.0
3090086,5.0
3091087,7.0
3092088,0.0
3093089,0.0
3094090,0.0
3095091,0.0
3096092,0.0
3097093,0.0
3098094,0.0
3099095,0.0
3100096,0.0
3101097,0.0
3102098,0.0
3103099,0.0
3104100,0.0
3105101,0.0
3106102,0.0
3107103,0.0
3108104,0.0
3109105,0.0
3110106,0.0
3111107,0.0
3112108,0.0
3113109,0.0
3114110,19.0
3115111,0.0
3116112,0.0
3117113,0.0
3118114,0.0
3119115,0.0
3120116,0.0
3121117,0.0
3122118,0.0
3123119,0.0
3124120,0.0
3125121,0.0
3126122,0.0
3127123,0.0
3128124,0.0
3129125,0.0
3130126,0.0
3131127,0.0
3132128,0.0
3133129,0.0
3134130,0.0
3135131,0.0
3136132,0.0
3137133,0.0
3138134,0.0
3139135,0.0
3140136,0.0
3141137,0.0
3142138,0.0
3143139,0.0
3144140,0.0
3145141,0.0
3146142,29.0
3147143,0.0
3148144,0.0
3149145,0.0
3150146,0.0
3151147,0.0
3152148,0.0
3153149,0.0
3154150,0.0
3155151,0.0
3156152,0.0
3157153,0.0
3158154,0.0
3159155,0.0
3160156,0.0
3161157,0.0
3162158,0.0
3163159,0.0
3164160,0.0
3165161,0.0
3166162,7.0
3167163,0.0
3168164,0.0
3169165,0.0
3170166,0.0
3171167,0.0
3172168,0.0
3173169,0.0
3174170,0.0
3175171,0.0
3176172,0.0
3177173,0.0
3178174,0.0
3179175,0.0
3180176,0.0
3181177,0.0
3182178,0.0
3183179,0.0
3184180,0.0
3185181,0.0
3186182,0.0
3187183,0.0
3188184,0.0
3189185,0.0
3190186,0.0
3191187,0.0
3192188,0.0
3193189,0.0
3194190,0.0
3195191,0.0
3196192,0.0
3197193,0.0
3198194,0.0
3199195,0.0
3200196,0.0
3201197,0.0
3202198,0.0
3203199,0.0
3204200,0.0
3205201,0.0
3206202,0.0
3207203,0.0
3208204,0.0
3209205,0.0
3210206,0.0
3211207,0.0
3212208,0.0
3213209,0.0
3214210,0.0
3215211,0.0
3216212,0.0
3217213,22.0
3218214,0.0
3219215,0.0
3220216,0.0
3221217,0.0
3222218,0.0
3223219,0.0
3224220,0.0
3225221,0.0
3226222,0.0
3227223,0.0
3228224,0.0
3229225,0.0
3230226,0.0
3231227,0.0
3232228,0.0
3233229,0.0
3234230,0.0
3235231,0.0
3236232,0.0
3237233,0.0
3238234,0.0
3239235,0.0
3240236,0.0
3241237,0.0
3242238,0.0
3243239,0.0
3244240,0.0
3245241,0.0
3246242,0.0
3247243,0.0
3248244,39.0
3249245,0.0
3250246,0.0
3251247,0.0
3252248,0.0
3253249,0.0
3254250,0.0
3255251,0.0
3256252,0.0
3257253,0.0
3258254,0.0
3259255,0.0
3260256,0.0
3261257,0.0
3262258,0.0
3263259,0.0
3264260,20.0
3265261,0.0
3266262,0.0
3267263,0.0
3268264,0.0
3269265,0.0
3270266,0.0
3271267,0.0
3272268,0.0
3273269,0.0
3274270,0.0
3275271,0.0
3276272,0.0
3277273,0.0
3278274,0.0
3279275,0.0
3280276,0.0
3281277,0.0
3282278,0.0
3283279,0.0
3284280,0.0
3285281,0.0
3286282,0.0
3287283,9.0
3288284,0.0
3289285,0.0
3290286,0.0
3291287,0.0
3292288,0.0
3293289,0.0
3294290,0.0
3295291,0.0
3296292,0.0
3297293,0.0
3298294,0.0
3299295,0.0
3300296,0.0
3301297,0.0
3302298,0.0
3303299,0.0
3304300,0.0
3305301,0.0
3306302,0.0
3307303,6.0
3308304,0.0
3309305,0.0
3310306,0.0
3311307,0.0
3312308,0.0
3313309,0.0
3314310,0.0
3315311,0.0
3316312,0.0
3317313,0.0
3318314,0.0
3319315,0.0
3320316,0.0
3321317,0.0
3322318,0.0
3323319,0.0
3324320,0.0
3325321,0.0
3326322,0.0
3327323,0.0
3328324,0.0
3329325,0.0
3330326,0.0
3331327,0.0
3332328,0.0
3333329,0.0
3334330,0.0
3335331,0.0
3336332,0.0
3337333,0.0
3338334,0.0
3339335,0.0
3340336,0.0
3341337,0.0
3342338,0.0
3343339,0.0
3344340,0.0
3345341,0.0
3346342,0.0
3347343,0.0
3348344,8.0
3349345,0.0
3350346,0.0
3351347,26.0
3352348,0.0
3353349,0.0
3354350,0.0
3355351,0.0
3356352,0.0
3357353,0.0
3358354,0.0
3359355,0.0
3360356,0.0
3361357,0.0
3362358,0.0
3363359,0.0
3364360,0.0
3365361,0.0
3366362,0.0
3367363,0.0
3368364,0.0
3369365,0.0
3370366,0.0
3371367,0.0
3372368,0.0
3373369,0.0
3374370,0.0
3375371,0.0
3376372,0.0
3377373,0.0
3378374,43.0
3379375,0.0
3380376,0.0
3381377,0.0
3382378,0.0
3383379,0.0
3384380,0.0
3385381,0.0
3386382,0.0
3387383,0.0
3388384,0.0
3389385,0.0
3390386,0.0
3391387,0.0
3392388,0.0
3393389,0.0
3394390,0.0
3395391,0.0
3396392,0.0
3397393,0.0
3398394,0.0
3399395,0.0
3400396,0.0
3401397,0.0
3402398,0.0
3403399,0.0
3404400,0.0
3405401,0.0
3406402,0.0
3407403,0.0
3408404,0.0
3409405,0.0
3410406,0.0
3411407,0.0
3412408,0.0
3413409,0.0
3414410,0.0
3415411,0.0
3416412,0.0
3417413,0.0
3418414,0.0
3419415,0.0
3420416,0.0
3421417,0.0
3422418,0.0
3423419,0.0
3424420,11.0
3425421,0.0
3426422,0.0
3427423,0.0
3428424,0.0
3429425,0.0
3430426,0.0
3431427,0.0
3432428,0.0
3433429,0.0
3434430,0.0
3435431,0.0
3436432,0.0
3437433,0.0
3438434,0.0
3439435,0.0
3440436,0.0
3441437,0.0
3442438,0.0
3443439,0.0
3444440,0.0
3445441,0.0
3446442,0.0
3447443,0.0
3448444,0.0
3449445,0.0
3450446,29.0
3451447,0.0
3452448,0.0
3453449,65.0
3454450,0.0
3455451,0.0
3456452,0.0
3457453,0.0
3458454,0.0
3459455,0.0
3460456,0.0
3461457,0.0
3462458,0.0
3463459,0.0
3464460,37.0
3465461,0.0
3466462,0.0
3467463,0.0
3468464,0.0
3469465,0.0
3470466,0.0
3471467,0.0
3472468,0.0
3473469,0.0
3474470,0.0
3475471,0.0
3476472,0.0
3477473,0.0
3478474,0.0
3479475,0.0
3480476,0.0
3481477,0.0
3482478,0.0
3483479,0.0
3484480,0.0
3485481,0.0
3486482,0.0
3487483,0.0
3488484,0.0
3489485,0.0
3490486,0.0
3491487,0.0
3492488,0.0
3493489,0.0
3494490,0.0
3495491,0.0
3496492,0.0
3497493,0.0
3498494,0.0
3499495,0.0
3500496,0.0
3501497,0.0
3502498,0.0
3503499,0.0
3504500,0.0
3505501,0.0
3506502,0.0
3507503,0.0
3508504,0.0
3509505,0.0
3510506,0.0
3511507,0.0
3512508,0.0
3513509,0.0
3514510,0.0
3515511,0.0
3516512,0.0
3517513,16.0
3518514,0.0
3519515,0.0
3520516,0.0
3521517,0.0
3522518,0.0
3523519,0.0
3524520,0.0
3525521,0.0
3526522,0.0
3527523,0.0
3528524,0.0
3529525,0.0
3530526,0.0
3531527,0.0
3532528,0.0
3533529,0.0
3534530,0.0
3535531,0.0
3536532,0.0
3537533,10.0
3538534,0.0
3539535,0.0
3540536,16.0
3541537,0.0
3542538,0.0
3543539,0.0
3544540,0.0
3545541,0.0
3546542,0.0
3547543,0.0
3548544,0.0
3549545,0.0
3550546,0.0
3551547,0.0
3552548,0.0
3553549,0.0
3554550,0.0
3555551,0.0
3556552,0.0
3557553,0.0
3558554,0.0
3559555,0.0
3560556,0.0
3561557,0.0
3562558,0.0
3563559,0.0
3564560,0.0
3565561,10.0
3566562,0.0
3567563,0.0
3568564,0.0
3569565,0.0
3570566,0.0
3571567,0.0
3572568,0.0
3573569,0.0
3574570,0.0
3575571,0.0
3576572,0.0
3577573,0.0
3578574,0.0
3579575,0.0
3580576,0.0
3581577,0.0
3582578,0.0
3583579,0.0
3584580,0.0
3585581,0.0
3586582,0.0
3587583,0.0
3588584,0.0
3589585,0.0
3590586,0.0
3591587,0.0
3592588,18.0
3593589,0.0
3594590,0.0
3595591,0.0
3596592,0.0
3597593,0.0
3598594,0.0
3599595,0.0
3600596,0.0
3601597,0.0
3602598,0.0
3603599,0.0
3604600,0.0
3605601,0.0
3606602,0.0
3607603,0.0
3608604,0.0
3609605,0.0
3610606,0.0
3611607,0.0
3612608,0.0
3613609,0.0
3614610,0.0
3615611,17.0
3616612,0.0
3617613,0.0
3618614,0.0
3619615,0.0
3620616,0.0
3621617,0.0
3622618,0.0
3623619,0.0
3624620,0.0
3625621,0.0
3626622,7.0
3627623,0.0
3628624,0.0
3629625,0.0
3630626,0.0
3631627,0.0
3632628,67.0
3633629,0.0
3634630,0.0
3635631,0.0
3636632,12.0
3637633,0.0
3638634,0.0
3639635,0.0
3640636,0.0
3641637,0.0
3642638,0.0
3643639,0.0
3644640,0.0
3645641,0.0
3646642,0.0
3647643,0.0
3648644,0.0
3649645,0.0
3650646,0.0
3651647,0.0
3652648,0.0
3653649,0.0
3654650,0.0
3655651,0.0
3656652,0.0
3657653,0.0
3658654,0.0
3659655,0.0
3660656,0.0
3661657,0.0
3662658,0.0
3663659,0.0
3664660,0.0
3665661,0.0
3666662,0.0
3667663,0.0
3668664,0.0
3669665,10.0
3670666,0.0
3671667,0.0
3672668,0.0
3673669,0.0
3674670,0.0
3675671,0.0
3676672,0.0
3677673,0.0
3678674,0.0
3679675,0.0
3680676,0.0
3681677,0.0
3682678,0.0
3683679,0.0
3684680,0.0
3685681,0.0
3686682,0.0
3687683,0.0
3688684,0.0
3689685,0.0
3690686,0.0
3691687,0.0
3692688,0.0
3693689,0.0
3694690,0.0
3695691,0.0
3696692,0.0
3697693,0.0
3698694,0.0
3699695,0.0
3700696,0.0
3701697,0.0
3702698,0.0
3703699,0.0
3704700,0.0
3705701,0.0
3706702,0.0
3707703,0.0
3708704,0.0
3709705,0.0
3710706,0.0
3711707,0.0
3712708,0.0
3713709,0.0
3714710,0.0
3715711,0.0
3716712,0.0
3717713,0.0
3718714,0.0
3719715,0.0
3720716,0.0
3721717,0.0
3722718,0.0
3723719,0.0
3724720,0.0
3725721,0.0
3726722,0.0
3727723,0.0
3728724,0.0
3729725,0.0
3730726,0.0
3731727,0.0
3732728,0.0
3733729,0.0
3734730,0.0
3735731,0.0
3736732,0.0
3737733,0.0
3738734,0.0
3739735,0.0
3740736,15.0
3741737,0.0
3742738,0.0
3743739,0.0
3744740,0.0
3745741,0.0
3746742,0.0
3747743,0.0
3748744,0.0
3749745,0.0
3750746,0.0
3751747,0.0
3752748,0.0
3753749,0.0
3754750,0.0
3755751,0.0
3756752,0.0
3757753,0.0
3758754,0.0
3759755,0.0
3760756,0.0
3761757,0.0
3762758,0.0
3763759,0.0
3764760,0.0
3765761,0.0
3766762,0.0
3767763,0.0
3768764,0.0
3769765,0.0
3770766,0.0
3771767,0.0
3772768,0.0
3773769,0.0
3774770,0.0
3775771,0.0
3776772,0.0
3777773,0.0
3778774,0.0
3779775,0.0
3780776,0.0
3781777,0.0
3782778,0.0
3783779,0.0
3784780,0.0
3785781,0.0
3786782,60.0
3787783,0.0
3788784,0.0
3789785,0.0
3790786,0.0
3791787,0.0
3792788,0.0
3793789,0.0
3794790,0.0
3795791,0.0
3796792,0.0
3797793,0.0
3798794,0.0
3799795,0.0
3800796,0.0
3801797,0.0
3802798,18.0
3803799,0.0
3804800,0.0
3805801,0.0
3806802,0.0
3807803,0.0
3808804,0.0
3809805,0.0
3810806,0.0
3811807,0.0
3812808,0.0
3813809,0.0
3814810,0.0
3815811,0.0
3816812,0.0
3817813,0.0
3818814,0.0
3819815,0.0
3820816,0.0
3821817,0.0
3822818,0.0
3823819,0.0
3824820,0.0
3825821,0.0
3826822,0.0
3827823,0.0
3828824,0.0
3829825,0.0
3830826,0.0
3831827,0.0
3832828,0.0
3833829,0.0
3834830,0.0
3835831,0.0
3836832,0.0
3837833,0.0
3838834,0.0
3839835,0.0
3840836,0.0
3841837,0.0
3842838,0.0
3843839,0.0
3844840,0.0
3845841,0.0
3846842,0.0
3847843,0.0
3848844,0.0
3849845,0.0
3850846,0.0
3851847,0.0
3852848,0.0
3853849,0.0
3854850,0.0
3855851,0.0
3856852,0.0
3857853,0.0
3858854,0.0
3859855,0.0
3860856,0.0
3861857,0.0
3862858,0.0
3863859,0.0
3864860,0.0
3865861,0.0
3866862,0.0
3867863,0.0
3868864,0.0
3869865,0.0
3870866,0.0
3871867,0.0
3872868,0.0
3873869,0.0
3874870,0.0
3875871,0.0
3876872,0.0
3877873,0.0
3878874,0.0
3879875,0.0
3880876,0.0
3881877,0.0
3882878,0.0
3883879,0.0
3884880,0.0
3885881,0.0
3886882,0.0
3887883,0.0
3888884,0.0
3889885,0.0
3890886,0.0
3891887,0.0
3892888,0.0
3893889,0.0
3894890,0.0
3895891,0.0
3896892,0.0
3897893,0.0
3898894,0.0
3899895,0.0
3900896,6.0
3901897,0.0
3902898,0.0
3903899,0.0
3904900,0.0
3905901,0.0
3906902,0.0
3907903,0.0
3908904,0.0
3909905,0.0
3910906,0.0
3911907,0.0
3912908,0.0
3913909,0.0
3914910,0.0
3915911,0.0
3916912,0.0
3917913,0.0
3918914,0.0
3919915,0.0
3920916,0.0
3921917,0.0
3922918,0.0
3923919,0.0
3924920,0.0
3925921,0.0
3926922,0.0
3927923,0.0
3928924,0.0
3929925,0.0
3930926,0.0
3931927,0.0
3932928,0.0
3933929,0.0
3934930,0.0
3935931,0.0
3936932,0.0
3937933,0.0
3938934,0.0
3939935,0.0
3940936,0.0
3941937,0.0
3942938,0.0
3943939,0.0
3944940,0.0
3945941,0.0
3946942,0.0
3947943,0.0
3948944,0.0
3949945,0.0
3950946,0.0
3951947,0.0
3952948,0.0
3953949,0.0
3954950,0.0
3955951,0.0
3956952,14.0
3957953,0.0
3958954,0.0
3959955,0.0
3960956,0.0
3961957,0.0
3962958,0.0
3963959,0.0
3964960,0.0
3965961,0.0
3966962,0.0
3967963,0.0
3968964,0.0
3969965,0.0
3970966,0.0
3971967,0.0
3972968,0.0
3973969,0.0
3974970,0.0
3975971,0.0
3976972,0.0
3977973,0.0
3978974,0.0
3979975,39.0
3980976,0.0
3981977,0.0
3982978,0.0
3983979,0.0
3984980,0.0
3985981,7.0
3986982,0.0
3987983,0.0
3988984,0.0
3989985,0.0
3990986,0.0
3991987,0.0
3992988,0.0
3993989,0.0
3994990,0.0
3995991,0.0
3996992,0.0
3997993,0.0
3998994,0.0
3999995,0.0
4000996,0.0
4001997,0.0
4002998,0.0
4003999,0.0
4005000,0.0
4006001,0.0
4007002,0.0
4008003,0.0
4009004,0.0
4010005,0.0
4011006,0.0
4012007,0.0
4013008,0.0
4014009,0.0
4015010,0.0
4016011,0.0
4017012,0.0
4018013,0.0
4019014,0.0
4020015,0.0
4021016,0.0
4022017,0.0
4023018,0.0
4024019,0.0
4025020,0.0
4026021,0.0
4027022,34.0
4028023,0.0
4029024,0.0
4030025,0.0
4031026,0.0
4032027,0.0
4033028,0.0
4034029,0.0
4035030,0.0
4036031,0.0
4037032,0.0
4038033,0.0
4039034,0.0
4040035,0.0
4041036,0.0
4042037,0.0
4043038,0.0
4044039,0.0
4045040,0.0
4046041,0.0
4047042,0.0
4048043,0.0
4049044,0.0
4050045,0.0
4051046,0.0
4052047,0.0
4053048,0.0
4054049,0.0
4055050,0.0
4056051,0.0
4057052,0.0
4058053,0.0
4059054,0.0
4060055,0.0
4061056,0.0
4062057,0.0
4063058,0.0
4064059,0.0
4065060,0.0
4066061,0.0
4067062,0.0
4068063,0.0
4069064,0.0
4070065,0.0
4071066,0.0
4072067,0.0
4073068,0.0
4074069,34.0
4075070,0.0
4076071,0.0
4077072,0.0
4078073,0.0
4079074,0.0
4080075,0.0
4081076,0.0
4082077,0.0
4083078,0.0
4084079,0.0
4085080,0.0
4086081,0.0
4087082,0.0
4088083,0.0
4089084,0.0
4090085,0.0
4091086,0.0
4092087,0.0
4093088,0.0
4094089,0.0
4095090,0.0
4096091,0.0
4097092,0.0
4098093,0.0
4099094,0.0
4100095,11.0
4101096,0.0
4102097,0.0
4103098,0.0
4104099,0.0
4105100,0.0
4106101,0.0
4107102,0.0
4108103,0.0
4109104,0.0
4110105,67.0
4111106,0.0
4112107,0.0
4113108,0.0
4114109,0.0
4115110,0.0
4116111,0.0
4117112,0.0
4118113,0.0
4119114,0.0
4120115,0.0
4121116,0.0
4122117,0.0
4123118,0.0
4124119,0.0
4125120,0.0
4126121,0.0
4127122,22.0
4128123,0.0
4129124,0.0
4130125,0.0
4131126,0.0
4132127,0.0
4133128,0.0
4134129,0.0
4135130,0.0
4136131,0.0
4137132,0.0
4138133,0.0
4139134,0.0
4140135,0.0
4141136,0.0
4142137,0.0
4143138,0.0
4144139,0.0
4145140,0.0
4146141,0.0
4147142,0.0
4148143,0.0
4149144,0.0
4150145,0.0
4151146,0.0
4152147,0.0
4153148,14.0
4154149,0.0
4155150,0.0
4156151,0.0
4157152,0.0
4158153,0.0
4159154,0.0
4160155,0.0
4161156,0.0
4162157,0.0
4163158,0.0
4164159,0.0
4165160,0.0
4166161,0.0
4167162,0.0
4168163,0.0
4169164,0.0
4170165,0.0
4171166,39.0
4172167,0.0
4173168,0.0
4174169,0.0
4175170,0.0
4176171,0.0
4177172,0.0
4178173,25.0
4179174,11.0
4180175,0.0
4181176,0.0
4182177,0.0
4183178,0.0
4184179,0.0
4185180,0.0
4186181,0.0
4187182,0.0
4188183,0.0
4189184,0.0
4190185,0.0
4191186,0.0
4192187,0.0
4193188,0.0
4194189,0.0
4195190,0.0
4196191,0.0
4197192,0.0
4198193,0.0
4199194,0.0
4200195,0.0
4201196,0.0
4202197,0.0
4203198,0.0
4204199,0.0
4205200,0.0
4206201,0.0
4207202,0.0
4208203,0.0
4209204,0.0
4210205,0.0
4211206,0.0
4212207,0.0
4213208,0.0
4214209,0.0
4215210,0.0
4216211,0.0
4217212,0.0
4218213,0.0
4219214,0.0
4220215,0.0
4221216,0.0
4222217,0.0
4223218,0.0
4224219,0.0
4225220,0.0
4226221,8.0
4227222,0.0
4228223,0.0
4229224,0.0
4230225,0.0
4231226,0.0
4232227,0.0
4233228,0.0
4234229,0.0
4235230,0.0
4236231,0.0
4237232,0.0
4238233,0.0
4239234,0.0
4240235,0.0
4241236,0.0
4242237,0.0
4243238,0.0
4244239,0.0
4245240,0.0
4246241,0.0
4247242,0.0
4248243,0.0
4249244,0.0
4250245,0.0
4251246,0.0
4252247,0.0
4253248,0.0
4254249,0.0
4255250,0.0
4256251,0.0
4257252,0.0
4258253,0.0
4259254,0.0
4260255,0.0
4261256,0.0
4262257,0.0
4263258,0.0
4264259,0.0
4265260,0.0
4266261,0.0
4267262,0.0
4268263,0.0
4269264,0.0
4270265,0.0
4271266,0.0
4272267,0.0
4273268,0.0
4274269,16.0
4275270,0.0
4276271,0.0
4277272,0.0
4278273,0.0
4279274,0.0
4280275,0.0
4281276,0.0
4282277,0.0
4283278,0.0
4284279,0.0
4285280,0.0
4286281,0.0
4287282,0.0
4288283,0.0
4289284,0.0
4290285,0.0
4291286,0.0
4292287,36.0
4293288,0.0
4294289,0.0
4295290,0.0
4296291,0.0
4297292,0.0
4298293,0.0
4299294,8.0
4300295,0.0
4301296,0.0
4302297,0.0
4303298,0.0
4304299,0.0
4305300,0.0
4306301,0.0
4307302,0.0
4308303,0.0
4309304,0.0
4310305,0.0
4311306,0.0
4312307,0.0
4313308,0.0
4314309,0.0
4315310,0.0
4316311,0.0
4317312,0.0
4318313,0.0
4319314,0.0
4320315,0.0
4321316,0.0
4322317,0.0
4323318,0.0
4324319,0.0
4325320,0.0
4326321,0.0
4327322,0.0
4328323,0.0
4329324,0.0
4330325,0.0
4331326,0.0
4332327,0.0
4333328,0.0
4334329,0.0
4335330,0.0
4336331,0.0
4337332,0.0
4338333,0.0
4339334,0.0
4340335,0.0
4341336,10.0
4342337,0.0
4343338,8.0
4344339,0.0
4345340,0.0
4346341,0.0
4347342,0.0
4348343,0.0
4349344,0.0
4350345,0.0
4351346,0.0
4352347,0.0
4353348,0.0
4354349,0.0
4355350,0.0
4356351,0.0
4357352,0.0
4358353,0.0
4359354,0.0
4360355,0.0
4361356,0.0
4362357,0.0
4363358,0.0
4364359,0.0
4365360,0.0
4366361,0.0
4367362,0.0
4368363,20.0
4369364,0.0
4370365,0.0
4371366,0.0
4372367,13.0
4373368,0.0
4374369,0.0
4375370,0.0
4376371,0.0
4377372,0.0
4378373,13.0
4379374,41.0
4380375,0.0
4381376,0.0
4382377,0.0
4383378,0.0
4384379,0.0
4385380,0.0
4386381,0.0
4387382,0.0
4388383,0.0
4389384,0.0
4390385,0.0
4391386,0.0
4392387,0.0
4393388,0.0
4394389,0.0
4395390,0.0
4396391,0.0
4397392,0.0
4398393,0.0
4399394,0.0
4400395,0.0
4401396,40.0
4402397,0.0
4403398,0.0
4404399,0.0
4405400,0.0
4406401,0.0
4407402,0.0
4408403,0.0
4409404,0.0
4410405,0.0
4411406,0.0
4412407,0.0
4413408,0.0
4414409,0.0
4415410,0.0
4416411,0.0
4417412,0.0
4418413,0.0
4419414,0.0
4420415,0.0
4421416,0.0
4422417,0.0
4423418,0.0
4424419,0.0
4425420,0.0
4426421,0.0
4427422,0.0
4428423,0.0
4429424,0.0
4430425,0.0
4431426,0.0
4432427,0.0
4433428,0.0
4434429,0.0
4435430,0.0
4436431,0.0
4437432,0.0
4438433,0.0
4439434,0.0
4440435,0.0
4441436,0.0
4442437,0.0
4443438,0.0
4444439,0.0
4445440,0.0
4446441,10.0
4447442,0.0
4448443,0.0
4449444,0.0
4450445,0.0
4451446,0.0
4452447,0.0
4453448,0.0
4454449,0.0
4455450,0.0
4456451,0.0
4457452,0.0
4458453,0.0
4459454,0.0
4460455,0.0
4461456,0.0
4462457,0.0
4463458,0.0
4464459,0.0
4465460,15.0
4466461,0.0
4467462,0.0
4468463,0.0
4469464,0.0
4470465,0.0
4471466,0.0
4472467,0.0
4473468,0.0
4474469,5.0
4475470,0.0
4476471,0.0
4477472,0.0
4478473,0.0
4479474,0.0
4480475,0.0
4481476,0.0
4482477,0.0
4483478,0.0
4484479,0.0
4485480,0.0
4486481,0.0
4487482,0.0
4488483,0.0
4489484,0.0
4490485,0.0
4491486,0.0
4492487,0.0
4493488,0.0
4494489,0.0
4495490,0.0
4496491,0.0
4497492,0.0
4498493,0.0
4499494,0.0
4500495,0.0
4501496,0.0
4502497,0.0
4503498,0.0
4504499,0.0
4505500,0.0
4506501,0.0
4507502,0.0
4508503,0.0
4509504,0.0
4510505,0.0
4511506,0.0
4512507,0.0
4513508,0.0
4514509,0.0
4515510,0.0
4516511,42.0
4517512,0.0
4518513,0.0
4519514,0.0
4520515,0.0
4521516,0.0
4522517,0.0
4523518,0.0
4524519,0.0
4525520,0.0
4526521,0.0
4527522,0.0
4528523,0.0
4529524,0.0
4530525,0.0
4531526,24.0
4532527,0.0
4533528,0.0
4534529,1.0
4535530,0.0
4536531,0.0
4537532,0.0
4538533,0.0
4539534,0.0
4540535,0.0
4541536,0.0
4542537,0.0
4543538,0.0
4544539,0.0
4545540,0.0
4546541,0.0
4547542,0.0
4548543,0.0
4549544,0.0
4550545,0.0
4551546,0.0
4552547,0.0
4553548,0.0
4554549,0.0
4555550,0.0
4556551,0.0
4557552,0.0
4558553,0.0
4559554,0.0
4560555,0.0
4561556,0.0
4562557,0.0
4563558,0.0
4564559,0.0
4565560,0.0
4566561,0.0
4567562,0.0
4568563,0.0
4569564,0.0
4570565,0.0
4571566,0.0
4572567,0.0
4573568,0.0
4574569,0.0
4575570,0.0
4576571,0.0
4577572,0.0
4578573,0.0
4579574,0.0
4580575,0.0
4581576,0.0
4582577,0.0
4583578,0.0
4584579,0.0
4585580,0.0
4586581,0.0
4587582,0.0
4588583,0.0
4589584,0.0
4590585,0.0
4591586,0.0
4592587,0.0
4593588,0.0
4594589,0.0
4595590,0.0
4596591,0.0
4597592,0.0
4598593,0.0
4599594,0.0
4600595,0.0
4601596,0.0
4602597,0.0
4603598,0.0
4604599,0.0
4605600,0.0
4606601,0.0
4607602,0.0
4608603,0.0
4609604,0.0
4610605,0.0
4611606,30.0
4612607,18.0
4613608,0.0
4614609,0.0
4615610,0.0
4616611,47.0
4617612,0.0
4618613,0.0
4619614,0.0
4620615,0.0
4621616,0.0
4622617,0.0
4623618,26.0
4624619,0.0
4625620,0.0
4626621,0.0
4627622,0.0
4628623,0.0
4629624,0.0
4630625,0.0
4631626,0.0
4632627,0.0
4633628,0.0
4634629,0.0
4635630,0.0
4636631,0.0
4637632,0.0
4638633,0.0
4639634,14.0
4640635,0.0
4641636,0.0
4642637,0.0
4643638,0.0
4644639,0.0
4645640,0.0
4646641,0.0
4647642,0.0
4648643,0.0
4649644,0.0
4650645,0.0
4651646,0.0
4652647,0.0
4653648,0.0
4654649,0.0
4655650,0.0
4656651,0.0
4657652,0.0
4658653,0.0
4659654,0.0
4660655,0.0
4661656,0.0
4662657,0.0
4663658,29.0
4664659,0.0
4665660,0.0
4666661,0.0
4667662,0.0
4668663,0.0
4669664,0.0
4670665,0.0
4671666,12.0
4672667,0.0
4673668,0.0
4674669,21.0
4675670,0.0
4676671,0.0
4677672,0.0
4678673,0.0
4679674,0.0
4680675,0.0
4681676,0.0
4682677,0.0
4683678,0.0
4684679,52.0
4685680,0.0
4686681,0.0
4687682,0.0
4688683,0.0
4689684,19.0
4690685,0.0
4691686,0.0
4692687,0.0
4693688,0.0
4694689,0.0
4695690,0.0
4696691,0.0
4697692,0.0
4698693,0.0
4699694,0.0
4700695,0.0
4701696,0.0
4702697,0.0
4703698,0.0
4704699,0.0
4705700,0.0
4706701,0.0
4707702,0.0
4708703,0.0
4709704,0.0
4710705,0.0
4711706,0.0
4712707,0.0
4713708,0.0
4714709,0.0
4715710,0.0
4716711,0.0
4717712,0.0
4718713,0.0
4719714,0.0
4720715,0.0
4721716,0.0
4722717,0.0
4723718,0.0
4724719,0.0
4725720,0.0
4726721,0.0
4727722,0.0
4728723,0.0
4729724,0.0
4730725,0.0
4731726,0.0
4732727,0.0
4733728,0.0
4734729,0.0
4735730,0.0
4736731,0.0
4737732,0.0
4738733,0.0
4739734,0.0
4740735,0.0
4741736,0.0
4742737,0.0
4743738,0.0
4744739,0.0
4745740,0.0
4746741,0.0
4747742,0.0
4748743,0.0
4749744,0.0
4750745,0.0
4751746,0.0
4752747,0.0
4753748,0.0
4754749,0.0
4755750,0.0
4756751,0.0
4757752,0.0
4758753,0.0
4759754,0.0
4760755,0.0
4761756,0.0
4762757,0.0
4763758,0.0
4764759,0.0
4765760,0.0
4766761,0.0
4767762,0.0
4768763,0.0
4769764,0.0
4770765,0.0
4771766,0.0
4772767,0.0
4773768,0.0
4774769,0.0
4775770,0.0
4776771,0.0
4777772,0.0
4778773,0.0
4779774,0.0
4780775,0.0
4781776,0.0
4782777,0.0
4783778,0.0
4784779,0.0
4785780,0.0
4786781,0.0
4787782,0.0
4788783,0.0
4789784,0.0
4790785,0.0
4791786,0.0
4792787,0.0
4793788,0.0
4794789,0.0
4795790,0.0
4796791,0.0
4797792,0.0
4798793,0.0
4799794,0.0
4800795,0.0
4801796,0.0
4802797,42.0
4803798,0.0
4804799,0.0
4805800,0.0
4806801,0.0
4807802,0.0
4808803,0.0
4809804,0.0
4810805,0.0
4811806,0.0
4812807,0.0
4813808,0.0
4814809,0.0
4815810,0.0
4816811,0.0
4817812,0.0
4818813,0.0
4819814,0.0
4820815,0.0
4821816,0.0
4822817,0.0
4823818,0.0
4824819,0.0
4825820,0.0
4826821,0.0
4827822,0.0
4828823,0.0
4829824,0.0
4830825,0.0
4831826,0.0
4832827,0.0
4833828,0.0
4834829,0.0
4835830,0.0
4836831,0.0
4837832,0.0
4838833,0.0
4839834,0.0
4840835,0.0
4841836,0.0
4842837,0.0
4843838,0.0
4844839,0.0
4845840,0.0
4846841,0.0
4847842,0.0
4848843,0.0
4849844,0.0
4850845,0.0
4851846,27.0
4852847,0.0
4853848,0.0
4854849,0.0
4855850,0.0
4856851,0.0
4857852,0.0
4858853,0.0
4859854,0.0
4860855,0.0
4861856,0.0
4862857,0.0
4863858,0.0
4864859,0.0
4865860,0.0
4866861,0.0
4867862,0.0
4868863,0.0
4869864,0.0
4870865,0.0
4871866,0.0
4872867,0.0
4873868,0.0
4874869,0.0
4875870,0.0
4876871,0.0
4877872,0.0
4878873,0.0
4879874,0.0
4880875,0.0
4881876,0.0
4882877,0.0
4883878,22.0
4884879,0.0
4885880,0.0
4886881,15.0
4887882,0.0
4888883,0.0
4889884,0.0
4890885,0.0
4891886,0.0
4892887,0.0
4893888,0.0
4894889,0.0
4895890,0.0
4896891,0.0
4897892,0.0
4898893,0.0
4899894,0.0
4900895,0.0
4901896,0.0
4902897,0.0
4903898,0.0
4904899,0.0
4905900,11.0
4906901,0.0
4907902,0.0
4908903,0.0
4909904,0.0
4910905,0.0
4911906,0.0
4912907,0.0
4913908,0.0
4914909,0.0
4915910,0.0
4916911,0.0
4917912,0.0
4918913,0.0
4919914,0.0
4920915,0.0
4921916,0.0
4922917,0.0
4923918,44.0
4924919,0.0
4925920,0.0
4926921,0.0
4927922,0.0
4928923,0.0
4929924,0.0
4930925,0.0
4931926,0.0
4932927,0.0
4933928,0.0
4934929,0.0
4935930,0.0
4936931,0.0
4937932,0.0
4938933,0.0
4939934,0.0
4940935,0.0
4941936,0.0
4942937,0.0
4943938,0.0
4944939,0.0
4945940,0.0
4946941,0.0
4947942,0.0
4948943,0.0
4949944,0.0
4950945,0.0
4951946,0.0
4952947,0.0
4953948,0.0
4954949,0.0
4955950,0.0
4956951,0.0
4957952,0.0
4958953,0.0
4959954,0.0
4960955,0.0
4961956,0.0
4962957,0.0
4963958,0.0
4964959,0.0
4965960,0.0
4966961,0.0
4967962,0.0
4968963,0.0
4969964,0.0
4970965,0.0
4971966,10.0
4972967,0.0
4973968,0.0
4974969,0.0
4975970,0.0
4976971,0.0
4977972,0.0
4978973,0.0
4979974,0.0
4980975,0.0
4981976,0.0
4982977,0.0
4983978,0.0
4984979,0.0
4985980,0.0
4986981,0.0
4987982,0.0
4988983,0.0
4989984,0.0
4990985,0.0
4991986,0.0
4992987,0.0
4993988,0.0
4994989,0.0
4995990,0.0
4996991,0.0
4997992,0.0
4998993,0.0
4999994,0.0
5000995,0.0
5001996,0.0
5002997,0.0
5003998,0.0
5004999,0.0
5006000,0.0
5007001,0.0
5008002,0.0
5009003,0.0
5010004,0.0
5011005,0.0
5012006,0.0
5013007,0.0
5014008,0.0
5015009,0.0
5016010,0.0
5017011,0.0
5018012,0.0
5019013,0.0
5020014,0.0
5021015,0.0
5022016,14.0
5023017,0.0
5024018,0.0
5025019,17.0
5026020,0.0
5027021,0.0
5028022,0.0
5029023,0.0
5030024,0.0
5031025,0.0
5032026,0.0
5033027,0.0
5034028,0.0
5035029,0.0
5036030,0.0
5037031,0.0
5038032,0.0
5039033,0.0
5040034,0.0
5041035,0.0
5042036,0.0
5043037,0.0
5044038,0.0
5045039,79.0
5046040,6.0
5047041,0.0
5048042,0.0
5049043,52.0
5050044,0.0
5051045,0.0
5052046,0.0
5053047,0.0
5054048,0.0
5055049,0.0
5056050,0.0
5057051,0.0
5058052,0.0
5059053,0.0
5060054,0.0
5061055,0.0
5062056,0.0
5063057,0.0
5064058,0.0
5065059,0.0
5066060,0.0
5067061,0.0
5068062,0.0
5069063,0.0
5070064,0.0
5071065,5.0
5072066,0.0
5073067,0.0
5074068,0.0
5075069,0.0
5076070,0.0
5077071,0.0
5078072,0.0
5079073,0.0
5080074,0.0
5081075,0.0
5082076,0.0
5083077,0.0
5084078,0.0
5085079,0.0
5086080,0.0
5087081,0.0
5088082,0.0
5089083,0.0
5090084,0.0
5091085,0.0
5092086,0.0
5093087,0.0
5094088,40.0
5095089,2.0
5096090,0.0
5097091,0.0
5098092,0.0
5099093,0.0
5100094,0.0
5101095,0.0
5102096,0.0
5103097,0.0
5104098,0.0
5105099,0.0
5106100,0.0
5107101,0.0
5108102,0.0
5109103,0.0
5110104,0.0
5111105,0.0
5112106,0.0
5113107,0.0
5114108,0.0
5115109,0.0
5116110,0.0
5117111,0.0
5118112,0.0
5119113,0.0
5120114,0.0
5121115,0.0
5122116,0.0
5123117,0.0
5124118,0.0
5125119,0.0
5126120,0.0
5127121,0.0
5128122,0.0
5129123,0.0
5130124,0.0
5131125,0.0
5132126,0.0
5133127,0.0
5134128,0.0
5135129,0.0
5136130,0.0
5137131,0.0
5138132,0.0
5139133,0.0
5140134,0.0
5141135,0.0
5142136,0.0
5143137,0.0
5144138,0.0
5145139,0.0
5146140,0.0
5147141,0.0
5148142,0.0
5149143,0.0
5150144,0.0
5151145,0.0
5152146,0.0
5153147,0.0
5154148,0.0
5155149,41.0
5156150,0.0
5157151,0.0
5158152,0.0
5159153,0.0
5160154,0.0
5161155,0.0
5162156,0.0
5163157,0.0
5164158,0.0
5165159,0.0
5166160,0.0
5167161,0.0
5168162,0.0
5169163,0.0
5170164,0.0
5171165,0.0
5172166,0.0
5173167,0.0
5174168,0.0
5175169,0.0
5176170,0.0
5177171,0.0
5178172,0.0
5179173,0.0
5180174,0.0
5181175,0.0
5182176,0.0
5183177,0.0
5184178,0.0
5185179,0.0
5186180,0.0
5187181,0.0
5188182,0.0
5189183,0.0
5190184,0.0
5191185,0.0
5192186,0.0
5193187,0.0
5194188,0.0
5195189,0.0
5196190,0.0
5197191,0.0
5198192,0.0
5199193,23.0
5200194,0.0
5201195,0.0
5202196,0.0
5203197,0.0
5204198,0.0
5205199,0.0
5206200,0.0
5207201,0.0
5208202,0.0
5209203,0.0
5210204,0.0
5211205,0.0
5212206,0.0
5213207,0.0
5214208,0.0
5215209,0.0
5216210,0.0
5217211,0.0
5218212,0.0
5219213,0.0
5220214,0.0
5221215,0.0
5222216,0.0
5223217,0.0
5224218,0.0
5225219,0.0
5226220,0.0
5227221,0.0
5228222,0.0
5229223,0.0
5230224,0.0
5231225,0.0
5232226,0.0
5233227,0.0
5234228,0.0
5235229,0.0
5236230,0.0
5237231,0.0
5238232,0.0
5239233,0.0
5240234,0.0
5241235,0.0
5242236,0.0
5243237,0.0
5244238,0.0
5245239,0.0
5246240,0.0
5247241,0.0
5248242,0.0
5249243,0.0
5250244,0.0
5251245,0.0
5252246,0.0
5253247,0.0
5254248,0.0
5255249,0.0
5256250,0.0
5257251,0.0
5258252,0.0
5259253,0.0
5260254,0.0
5261255,0.0
5262256,0.0
5263257,0.0
5264258,0.0
5265259,0.0
5266260,0.0
5267261,0.0
5268262,0.0
5269263,0.0
5270264,0.0
5271265,0.0
5272266,0.0
5273267,0.0
5274268,0.0
5275269,0.0
5276270,0.0
5277271,0.0
5278272,0.0
5279273,0.0
5280274,0.0
5281275,0.0
5282276,0.0
5283277,0.0
5284278,0.0
5285279,0.0
5286280,0.0
5287281,0.0
5288282,0.0
5289283,0.0
5290284,0.0
5291285,0.0
5292286,0.0
5293287,0.0
5294288,0.0
5295289,0.0
5296290,0.0
5297291,0.0
5298292,0.0
5299293,0.0
5300294,1.0
5301295,0.0
5302296,0.0
5303297,16.0
5304298,0.0
5305299,0.0
5306300,0.0
5307301,0.0
5308302,0.0
5309303,0.0
5310304,0.0
5311305,0.0
5312306,0.0
5313307,0.0
5314308,0.0
5315309,0.0
5316310,0.0
5317311,47.0
5318312,0.0
5319313,0.0
5320314,0.0
5321315,0.0
5322316,19.0
5323317,0.0
5324318,0.0
5325319,0.0
5326320,46.0
5327321,0.0
5328322,0.0
5329323,0.0
5330324,0.0
5331325,0.0
5332326,0.0
5333327,0.0
5334328,0.0
5335329,0.0
5336330,0.0
5337331,0.0
5338332,0.0
5339333,0.0
5340334,0.0
5341335,0.0
5342336,0.0
5343337,0.0
5344338,0.0
5345339,0.0
5346340,0.0
5347341,0.0
5348342,0.0
5349343,0.0
5350344,0.0
5351345,0.0
5352346,0.0
5353347,0.0
5354348,0.0
5355349,0.0
5356350,0.0
5357351,0.0
5358352,0.0
5359353,0.0
5360354,0.0
5361355,0.0
5362356,0.0
5363357,0.0
5364358,0.0
5365359,0.0
5366360,0.0
5367361,0.0
5368362,0.0
5369363,0.0
5370364,0.0
5371365,0.0
5372366,0.0
5373367,0.0
5374368,0.0
5375369,0.0
5376370,0.0
5377371,7.0
5378372,0.0
5379373,0.0
5380374,0.0
5381375,0.0
5382376,0.0
5383377,0.0
5384378,0.0
5385379,9.0
5386380,0.0
5387381,0.0
5388382,0.0
5389383,0.0
5390384,0.0
5391385,0.0
5392386,0.0
5393387,0.0
5394388,0.0
5395389,0.0
5396390,0.0
5397391,0.0
5398392,0.0
5399393,0.0
5400394,0.0
5401395,0.0
5402396,0.0
5403397,0.0
5404398,0.0
5405399,0.0
5406400,0.0
5407401,0.0
5408402,0.0
5409403,0.0
5410404,0.0
5411405,0.0
5412406,0.0
5413407,0.0
5414408,0.0
5415409,0.0
5416410,0.0
5417411,0.0
5418412,0.0
5419413,0.0
5420414,0.0
5421415,0.0
5422416,0.0
5423417,0.0
5424418,0.0
5425419,0.0
5426420,0.0
5427421,0.0
5428422,0.0
5429423,0.0
5430424,0.0
5431425,0.0
5432426,0.0
5433427,0.0
5434428,0.0
5435429,0.0
5436430,0.0
5437431,0.0
5438432,0.0
5439433,0.0
5440434,0.0
5441435,0.0
5442436,0.0
5443437,0.0
5444438,0.0
5445439,0.0
5446440,0.0
5447441,0.0
5448442,0.0
5449443,0.0
5450444,0.0
5451445,0.0
5452446,0.0
5453447,0.0
5454448,0.0
5455449,0.0
5456450,0.0
5457451,0.0
5458452,0.0
5459453,0.0
5460454,0.0
5461455,0.0
5462456,0.0
5463457,0.0
5464458,0.0
5465459,0.0
5466460,0.0
5467461,0.0
5468462,0.0
5469463,0.0
5470464,0.0
5471465,0.0
5472466,0.0
5473467,0.0
5474468,8.0
5475469,0.0
5476470,0.0
5477471,0.0
5478472,0.0
5479473,0.0
5480474,0.0
5481475,0.0
5482476,0.0
5483477,0.0
5484478,0.0
5485479,0.0
5486480,0.0
5487481,19.0
5488482,0.0
5489483,0.0
5490484,0.0
5491485,0.0
5492486,0.0
5493487,0.0
5494488,0.0
5495489,0.0
5496490,0.0
5497491,0.0
5498492,0.0
5499493,0.0
5500494,0.0
5501495,0.0
5502496,0.0
5503497,0.0
5504498,0.0
5505499,0.0
5506500,0.0
5507501,0.0
5508502,0.0
5509503,0.0
5510504,0.0
5511505,0.0
5512506,0.0
5513507,0.0
5514508,0.0
5515509,0.0
5516510,0.0
5517511,0.0
5518512,0.0
5519513,0.0
5520514,0.0
5521515,0.0
5522516,0.0
5523517,0.0
5524518,0.0
5525519,0.0
5526520,0.0
5527521,0.0
5528522,0.0
5529523,0.0
5530524,0.0
5531525,0.0
5532526,0.0
5533527,0.0
5534528,0.0
5535529,0.0
5536530,18.0
5537531,0.0
5538532,0.0
5539533,0.0
5540534,0.0
5541535,0.0
5542536,0.0
5543537,0.0
5544538,0.0
5545539,0.0
5546540,0.0
5547541,0.0
5548542,0.0
5549543,0.0
5550544,0.0
5551545,0.0
5552546,19.0
5553547,0.0
5554548,0.0
5555549,0.0
5556550,0.0
5557551,0.0
5558552,0.0
5559553,0.0
5560554,0.0
5561555,0.0
5562556,0.0
5563557,0.0
5564558,0.0
5565559,0.0
5566560,0.0
5567561,0.0
5568562,0.0
5569563,0.0
5570564,0.0
5571565,0.0
5572566,0.0
5573567,0.0
5574568,0.0
5575569,0.0
5576570,0.0
5577571,0.0
5578572,0.0
5579573,0.0
5580574,0.0
5581575,0.0
5582576,0.0
5583577,0.0
5584578,0.0
5585579,0.0
5586580,0.0
5587581,0.0
5588582,0.0
5589583,0.0
5590584,0.0
5591585,0.0
5592586,0.0
5593587,0.0
5594588,0.0
5595589,0.0
5596590,0.0
5597591,0.0
5598592,0.0
5599593,0.0
5600594,0.0
5601595,0.0
5602596,0.0
5603597,0.0
5604598,0.0
5605599,0.0
5606600,0.0
5607601,0.0
5608602,0.0
5609603,0.0
5610604,0.0
5611605,0.0
5612606,0.0
5613607,0.0
5614608,0.0
5615609,0.0
5616610,0.0
5617611,0.0
5618612,0.0
5619613,0.0
5620614,0.0
5621615,0.0
5622616,0.0
5623617,0.0
5624618,0.0
5625619,0.0
5626620,0.0
5627621,0.0
5628622,13.0
5629623,0.0
5630624,0.0
5631625,0.0
5632626,0.0
5633627,0.0
5634628,0.0
5635629,0.0
5636630,21.0
5637631,0.0
5638632,0.0
5639633,0.0
5640634,0.0
5641635,0.0
5642636,0.0
5643637,0.0
5644638,0.0
5645639,0.0
5646640,0.0
5647641,0.0
5648642,0.0
5649643,0.0
5650644,0.0
5651645,0.0
5652646,5.0
5653647,0.0
5654648,0.0
5655649,0.0
5656650,0.0
5657651,0.0
5658652,0.0
5659653,0.0
5660654,0.0
5661655,0.0
5662656,0.0
5663657,0.0
5664658,0.0
5665659,0.0
5666660,31.0
5667661,0.0
5668662,0.0
5669663,0.0
5670664,0.0
5671665,0.0
5672666,0.0
5673667,0.0
5674668,0.0
5675669,0.0
5676670,0.0
5677671,0.0
5678672,0.0
5679673,0.0
5680674,0.0
5681675,0.0
5682676,0.0
5683677,0.0
5684678,0.0
5685679,0.0
5686680,1.0
5687681,0.0
5688682,0.0
5689683,0.0
5690684,0.0
5691685,0.0
5692686,0.0
5693687,0.0
5694688,0.0
5695689,0.0
5696690,0.0
5697691,0.0
5698692,0.0
5699693,0.0
5700694,0.0
5701695,0.0
5702696,0.0
5703697,0.0
5704698,0.0
5705699,0.0
5706700,0.0
5707701,0.0
5708702,0.0
5709703,0.0
5710704,0.0
5711705,0.0
5712706,0.0
5713707,0.0
5714708,0.0
5715709,0.0
5716710,0.0
5717711,0.0
5718712,0.0
5719713,0.0
5720714,40.0
5721715,0.0
5722716,0.0
5723717,0.0
5724718,0.0
5725719,0.0
5726720,0.0
5727721,0.0
5728722,0.0
5729723,0.0
5730724,0.0
5731725,0.0
5732726,0.0
5733727,0.0
5734728,0.0
5735729,0.0
5736730,0.0
5737731,0.0
5738732,0.0
5739733,0.0
5740734,0.0
5741735,0.0
5742736,0.0
5743737,0.0
5744738,0.0
5745739,0.0
5746740,0.0
5747741,0.0
5748742,0.0
5749743,0.0
5750744,0.0
5751745,0.0
5752746,3.0
5753747,0.0
5754748,0.0
5755749,0.0
5756750,0.0
5757751,0.0
5758752,0.0
5759753,0.0
5760754,0.0
5761755,0.0
5762756,0.0
5763757,0.0
5764758,0.0
5765759,0.0
5766760,0.0
5767761,0.0
5768762,0.0
5769763,0.0
5770764,0.0
5771765,0.0
5772766,0.0
5773767,0.0
5774768,0.0
5775769,0.0
5776770,0.0
5777771,0.0
5778772,0.0
5779773,0.0
5780774,0.0
5781775,0.0
5782776,0.0
5783777,0.0
5784778,0.0
5785779,0.0
5786780,0.0
5787781,0.0
5788782,6.0
5789783,0.0
5790784,0.0
5791785,0.0
5792786,0.0
5793787,0.0
5794788,0.0
5795789,0.0
5796790,0.0
5797791,0.0
5798792,0.0
5799793,0.0
5800794,0.0
5801795,0.0
5802796,0.0
5803797,0.0
5804798,0.0
5805799,0.0
5806800,0.0
5807801,0.0
5808802,0.0
5809803,0.0
5810804,0.0
5811805,0.0
5812806,0.0
5813807,0.0
5814808,0.0
5815809,0.0
5816810,0.0
5817811,0.0
5818812,0.0
5819813,0.0
5820814,0.0
5821815,0.0
5822816,0.0
5823817,0.0
5824818,0.0
5825819,0.0
5826820,0.0
5827821,0.0
5828822,0.0
5829823,0.0
5830824,0.0
5831825,0.0
5832826,0.0
5833827,0.0
5834828,0.0
5835829,0.0
5836830,0.0
5837831,0.0
5838832,0.0
5839833,0.0
5840834,0.0
5841835,0.0
5842836,0.0
5843837,0.0
5844838,0.0
5845839,0.0
5846840,0.0
5847841,0.0
5848842,26.0
5849843,0.0
5850844,0.0
5851845,0.0
5852846,0.0
5853847,0.0
5854848,0.0
5855849,0.0
5856850,0.0
5857851,0.0
5858852,0.0
5859853,0.0
5860854,0.0
5861855,0.0
5862856,0.0
5863857,0.0
5864858,0.0
5865859,0.0
5866860,0.0
5867861,0.0
5868862,0.0
5869863,0.0
5870864,0.0
5871865,0.0
5872866,0.0
5873867,0.0
5874868,0.0
5875869,0.0
5876870,0.0
5877871,8.0
5878872,0.0
5879873,0.0
5880874,0.0
5881875,0.0
5882876,0.0
5883877,0.0
5884878,0.0
5885879,0.0
5886880,18.0
5887881,0.0
5888882,0.0
5889883,0.0
5890884,0.0
5891885,0.0
5892886,0.0
5893887,11.0
5894888,0.0
5895889,0.0
5896890,0.0
5897891,0.0
5898892,0.0
5899893,0.0
5900894,0.0
5901895,0.0
5902896,0.0
5903897,0.0
5904898,0.0
5905899,0.0
5906900,0.0
5907901,0.0
5908902,0.0
5909903,0.0
5910904,0.0
5911905,0.0
5912906,0.0
5913907,0.0
5914908,0.0
5915909,0.0
5916910,0.0
5917911,0.0
5918912,0.0
5919913,0.0
5920914,0.0
5921915,0.0
5922916,0.0
5923917,0.0
5924918,0.0
5925919,0.0
5926920,0.0
5927921,0.0
5928922,0.0
5929923,0.0
5930924,0.0
5931925,0.0
5932926,0.0
5933927,0.0
5934928,0.0
5935929,0.0
5936930,0.0
5937931,0.0
5938932,0.0
5939933,0.0
5940934,0.0
5941935,0.0
5942936,0.0
5943937,0.0
5944938,0.0
5945939,0.0
5946940,0.0
5947941,0.0
5948942,0.0
5949943,0.0
5950944,0.0
5951945,0.0
5952946,0.0
5953947,0.0
5954948,2.0
5955949,0.0
5956950,0.0
5957951,0.0
5958952,0.0
5959953,0.0
5960954,0.0
5961955,0.0
5962956,0.0
5963957,0.0
5964958,0.0
5965959,0.0
5966960,0.0
5967961,0.0
5968962,0.0
5969963,0.0
5970964,0.0
5971965,0.0
5972966,0.0
5973967,0.0
5974968,0.0
5975969,0.0
5976970,0.0
5977971,0.0
5978972,0.0
5979973,0.0
5980974,0.0
5981975,0.0
5982976,0.0
5983977,17.0
5984978,0.0
5985979,0.0
5986980,12.0
5987981,0.0
5988982,0.0
5989983,0.0
5990984,0.0
5991985,0.0
5992986,0.0
5993987,0.0
5994988,9.0
5995989,0.0
5996990,0.0
5997991,0.0
5998992,0.0
5999993,0.0
6000994,0.0
6001995,0.0
6002996,0.0
6003997,0.0
6004998,0.0
6005999,0.0
6007000,0.0
6008001,0.0
6009002,0.0
6010003,0.0
6011004,0.0
6012005,2.0
6013006,0.0
6014007,0.0
6015008,0.0
6016009,0.0
6017010,29.0
6018011,0.0
6019012,0.0
6020013,0.0
6021014,0.0
6022015,0.0
6023016,0.0
6024017,0.0
6025018,0.0
6026019,0.0
6027020,0.0
6028021,0.0
6029022,0.0
6030023,0.0
6031024,0.0
6032025,0.0
6033026,0.0
6034027,0.0
6035028,0.0
6036029,0.0
6037030,0.0
6038031,0.0
6039032,0.0
6040033,0.0
6041034,0.0
6042035,25.0
6043036,0.0
6044037,0.0
6045038,0.0
6046039,0.0
6047040,0.0
6048041,0.0
6049042,0.0
6050043,6.0
6051044,0.0
6052045,0.0
6053046,0.0
6054047,0.0
6055048,0.0
6056049,0.0
6057050,0.0
6058051,0.0
6059052,0.0
6060053,0.0
6061054,0.0
6062055,0.0
6063056,0.0
6064057,0.0
6065058,0.0
6066059,0.0
6067060,0.0
6068061,0.0
6069062,0.0
6070063,0.0
6071064,0.0
6072065,0.0
6073066,0.0
6074067,0.0
6075068,0.0
6076069,0.0
6077070,0.0
6078071,0.0
6079072,0.0
6080073,0.0
6081074,0.0
6082075,0.0
6083076,0.0
6084077,0.0
6085078,0.0
6086079,0.0
6087080,0.0
6088081,0.0
6089082,8.0
6090083,0.0
6091084,0.0
6092085,0.0
6093086,0.0
6094087,0.0
6095088,0.0
6096089,0.0
6097090,0.0
6098091,0.0
6099092,0.0
6100093,0.0
6101094,0.0
6102095,0.0
6103096,0.0
6104097,0.0
6105098,0.0
6106099,0.0
6107100,0.0
6108101,0.0
6109102,0.0
6110103,0.0
6111104,0.0
6112105,13.0
6113106,0.0
6114107,0.0
6115108,0.0
6116109,0.0
6117110,0.0
6118111,0.0
6119112,0.0
6120113,0.0
6121114,0.0
6122115,0.0
6123116,0.0
6124117,0.0
6125118,0.0
6126119,0.0
6127120,0.0
6128121,0.0
6129122,0.0
6130123,3.0
6131124,0.0
6132125,0.0
6133126,0.0
6134127,0.0
6135128,0.0
6136129,0.0
6137130,0.0
6138131,0.0
6139132,0.0
6140133,0.0
6141134,0.0
6142135,0.0
6143136,0.0
6144137,0.0
6145138,0.0
6146139,0.0
6147140,0.0
6148141,0.0
6149142,0.0
6150143,0.0
6151144,0.0
6152145,6.0
6153146,21.0
6154147,0.0
6155148,0.0
6156149,0.0
6157150,2.0
6158151,0.0
6159152,0.0
6160153,0.0
6161154,34.0
6162155,0.0
6163156,0.0
6164157,0.0
6165158,0.0
6166159,0.0
6167160,12.0
6168161,0.0
6169162,0.0
6170163,0.0
6171164,0.0
6172165,0.0
6173166,0.0
6174167,0.0
6175168,0.0
6176169,0.0
6177170,0.0
6178171,0.0
6179172,5.0
6180173,0.0
6181174,0.0
6182175,0.0
6183176,0.0
6184177,0.0
6185178,0.0
6186179,0.0
6187180,0.0
6188181,0.0
6189182,0.0
6190183,0.0
6191184,0.0
6192185,0.0
6193186,0.0
6194187,0.0
6195188,0.0
6196189,0.0
6197190,9.0
6198191,0.0
6199192,0.0
6200193,0.0
6201194,0.0
6202195,0.0
6203196,0.0
6204197,0.0
6205198,0.0
6206199,0.0
6207200,0.0
6208201,0.0
6209202,0.0
6210203,0.0
6211204,0.0
6212205,0.0
6213206,0.0
6214207,6.0
6215208,0.0
6216209,0.0
6217210,0.0
6218211,5.0
6219212,0.0
6220213,0.0
6221214,0.0
6222215,0.0
6223216,9.0
6224217,0.0
6225218,0.0
6226219,0.0
6227220,0.0
6228221,0.0
6229222,0.0
6230223,0.0
6231224,0.0
6232225,0.0
6233226,0.0
6234227,0.0
6235228,0.0
6236229,0.0
6237230,0.0
6238231,0.0
6239232,0.0
6240233,0.0
6241234,0.0
6242235,0.0
6243236,0.0
6244237,0.0
6245238,0.0
6246239,0.0
6247240,0.0
6248241,0.0
6249242,0.0
6250243,0.0
6251244,0.0
6252245,0.0
6253246,0.0
6254247,0.0
6255248,0.0
6256249,0.0
6257250,0.0
6258251,0.0
6259252,0.0
6260253,0.0
6261254,0.0
6262255,0.0
6263256,0.0
6264257,0.0
6265258,0.0
6266259,0.0
6267260,0.0
6268261,0.0
6269262,0.0
6270263,0.0
6271264,0.0
6272265,0.0
6273266,21.0
6274267,0.0
6275268,0.0
6276269,0.0
6277270,16.0
6278271,0.0
6279272,0.0
6280273,0.0
6281274,0.0
6282275,0.0
6283276,0.0
6284277,0.0
6285278,0.0
6286279,0.0
6287280,0.0
6288281,0.0
6289282,0.0
6290283,18.0
6291284,0.0
6292285,0.0
6293286,0.0
6294287,0.0
6295288,0.0
6296289,0.0
6297290,0.0
6298291,0.0
6299292,0.0
6300293,0.0
6301294,0.0
6302295,0.0
6303296,0.0
6304297,0.0
6305298,0.0
6306299,0.0
6307300,0.0
6308301,0.0
6309302,0.0
6310303,0.0
6311304,20.0
6312305,0.0
6313306,0.0
6314307,0.0
6315308,0.0
6316309,0.0
6317310,0.0
6318311,36.0
6319312,0.0
6320313,0.0
6321314,0.0
6322315,0.0
6323316,0.0
6324317,0.0
6325318,11.0
6326319,0.0
6327320,0.0
6328321,0.0
6329322,0.0
6330323,0.0
6331324,0.0
6332325,0.0
6333326,0.0
6334327,0.0
6335328,0.0
6336329,0.0
6337330,0.0
6338331,0.0
6339332,0.0
6340333,0.0
6341334,0.0
6342335,0.0
6343336,0.0
6344337,0.0
6345338,0.0
6346339,0.0
6347340,0.0
6348341,19.0
6349342,0.0
6350343,0.0
6351344,0.0
6352345,0.0
6353346,0.0
6354347,0.0
6355348,0.0
6356349,0.0
6357350,0.0
6358351,0.0
6359352,0.0
6360353,0.0
6361354,0.0
6362355,0.0
6363356,0.0
6364357,0.0
6365358,0.0
6366359,0.0
6367360,0.0
6368361,0.0
6369362,0.0
6370363,0.0
6371364,0.0
6372365,0.0
6373366,0.0
6374367,0.0
6375368,0.0
6376369,0.0
6377370,0.0
6378371,0.0
6379372,0.0
6380373,0.0
6381374,0.0
6382375,0.0
6383376,0.0
6384377,7.0
6385378,0.0
6386379,0.0
6387380,0.0
6388381,0.0
6389382,0.0
6390383,0.0
6391384,0.0
6392385,0.0
6393386,0.0
6394387,0.0
6395388,0.0
6396389,0.0
6397390,0.0
6398391,0.0
6399392,2.0
6400393,0.0
6401394,0.0
6402395,0.0
6403396,0.0
6404397,0.0
6405398,0.0
6406399,0.0
6407400,0.0
6408401,0.0
6409402,0.0
6410403,0.0
6411404,0.0
6412405,0.0
6413406,0.0
6414407,4.0
6415408,0.0
6416409,0.0
6417410,0.0
6418411,0.0
6419412,0.0
6420413,0.0
6421414,0.0
6422415,0.0
6423416,10.0
6424417,0.0
6425418,0.0
6426419,0.0
6427420,0.0
6428421,0.0
6429422,0.0
6430423,0.0
6431424,0.0
6432425,0.0
6433426,0.0
6434427,0.0
6435428,0.0
6436429,0.0
6437430,0.0
6438431,0.0
6439432,0.0
6440433,0.0
6441434,0.0
6442435,0.0
6443436,0.0
6444437,0.0
6445438,0.0
6446439,0.0
6447440,0.0
6448441,0.0
6449442,0.0
6450443,0.0
6451444,0.0
6452445,0.0
6453446,0.0
6454447,19.0
6455448,0.0
6456449,0.0
6457450,0.0
6458451,0.0
6459452,0.0
6460453,0.0
6461454,0.0
6462455,0.0
6463456,0.0
6464457,0.0
6465458,0.0
6466459,0.0
6467460,0.0
6468461,0.0
6469462,0.0
6470463,0.0
6471464,0.0
6472465,0.0
6473466,0.0
6474467,0.0
6475468,0.0
6476469,0.0
6477470,0.0
6478471,0.0
6479472,17.0
6480473,0.0
6481474,0.0
6482475,0.0
6483476,0.0
6484477,0.0
6485478,0.0
6486479,0.0
6487480,0.0
6488481,0.0
6489482,0.0
6490483,6.0
6491484,0.0
6492485,29.0
6493486,0.0
6494487,0.0
6495488,16.0
6496489,0.0
6497490,0.0
6498491,0.0
6499492,0.0
6500493,0.0
6501494,0.0
6502495,0.0
6503496,0.0
6504497,0.0
6505498,0.0
6506499,15.0
6507500,0.0
6508501,0.0
6509502,0.0
6510503,0.0
6511504,0.0
6512505,5.0
6513506,0.0
6514507,0.0
6515508,0.0
6516509,0.0
6517510,0.0
6518511,0.0
6519512,0.0
6520513,0.0
6521514,0.0
6522515,0.0
6523516,0.0
6524517,0.0
6525518,0.0
6526519,0.0
6527520,0.0
6528521,0.0
6529522,0.0
6530523,0.0
6531524,0.0
6532525,0.0
6533526,3.0
6534527,0.0
6535528,0.0
6536529,0.0
6537530,0.0
6538531,0.0
6539532,0.0
6540533,0.0
6541534,0.0
6542535,0.0
6543536,0.0
6544537,0.0
6545538,0.0
6546539,0.0
6547540,0.0
6548541,0.0
6549542,0.0
6550543,0.0
6551544,0.0
6552545,0.0
6553546,0.0
6554547,0.0
6555548,0.0
6556549,0.0
6557550,0.0
6558551,0.0
6559552,10.0
6560553,0.0
6561554,0.0
6562555,0.0
6563556,0.0
6564557,0.0
6565558,0.0
6566559,0.0
6567560,0.0
6568561,0.0
6569562,0.0
6570563,0.0
6571564,0.0
6572565,0.0
6573566,0.0
6574567,0.0
6575568,0.0
6576569,0.0
6577570,0.0
6578571,0.0
6579572,0.0
6580573,0.0
6581574,0.0
6582575,0.0
6583576,0.0
6584577,0.0
6585578,0.0
6586579,0.0
6587580,24.0
6588581,7.0
6589582,0.0
6590583,0.0
6591584,0.0
6592585,0.0
6593586,0.0
6594587,0.0
6595588,0.0
6596589,0.0
6597590,0.0
6598591,0.0
6599592,0.0
6600593,29.0
6601594,0.0
6602595,0.0
6603596,0.0
6604597,0.0
6605598,0.0
6606599,0.0
6607600,0.0
6608601,0.0
6609602,0.0
6610603,0.0
6611604,0.0
6612605,0.0
6613606,0.0
6614607,0.0
6615608,0.0
6616609,0.0
6617610,0.0
6618611,0.0
6619612,0.0
6620613,0.0
6621614,0.0
6622615,0.0
6623616,0.0
6624617,0.0
6625618,0.0
6626619,0.0
6627620,0.0
6628621,0.0
6629622,0.0
6630623,0.0
6631624,6.0
6632625,0.0
6633626,0.0
6634627,0.0
6635628,0.0
6636629,0.0
6637630,0.0
6638631,0.0
6639632,0.0
6640633,0.0
6641634,0.0
6642635,0.0
6643636,0.0
6644637,0.0
6645638,0.0
6646639,0.0
6647640,0.0
6648641,0.0
6649642,0.0
6650643,0.0
6651644,0.0
6652645,0.0
6653646,0.0
6654647,6.0
6655648,0.0
6656649,0.0
6657650,0.0
6658651,0.0
6659652,0.0
6660653,0.0
6661654,0.0
6662655,0.0
6663656,0.0
6664657,0.0
6665658,0.0
6666659,0.0
6667660,0.0
6668661,0.0
6669662,0.0
6670663,0.0
6671664,0.0
6672665,0.0
6673666,0.0
6674667,0.0
6675668,0.0
6676669,0.0
6677670,0.0
6678671,0.0
6679672,0.0
6680673,0.0
6681674,0.0
6682675,0.0
6683676,0.0
6684677,0.0
6685678,0.0
6686679,0.0
6687680,14.0
6688681,0.0
6689682,8.0
6690683,0.0
6691684,0.0
6692685,0.0
6693686,0.0
6694687,0.0
6695688,0.0
6696689,19.0
6697690,0.0
6698691,0.0
6699692,0.0
6700693,0.0
6701694,0.0
6702695,0.0
6703696,0.0
6704697,0.0
6705698,0.0
6706699,0.0
6707700,0.0
6708701,0.0
6709702,0.0
6710703,26.0
6711704,0.0
6712705,0.0
6713706,0.0
6714707,0.0
6715708,0.0
6716709,16.0
6717710,0.0
6718711,0.0
6719712,0.0
6720713,0.0
6721714,8.0
6722715,7.0
6723716,0.0
6724717,0.0
6725718,0.0
6726719,0.0
6727720,0.0
6728721,0.0
6729722,0.0
6730723,0.0
6731724,0.0
6732725,0.0
6733726,0.0
6734727,0.0
6735728,0.0
6736729,0.0
6737730,0.0
6738731,0.0
6739732,3.0
6740733,0.0
6741734,0.0
6742735,0.0
6743736,0.0
6744737,0.0
6745738,0.0
6746739,0.0
6747740,0.0
6748741,0.0
6749742,0.0
6750743,0.0
6751744,0.0
6752745,0.0
6753746,0.0
6754747,0.0
6755748,0.0
6756749,0.0
6757750,0.0
6758751,0.0
6759752,0.0
6760753,0.0
6761754,0.0
6762755,15.0
6763756,0.0
6764757,0.0
6765758,0.0
6766759,0.0
6767760,0.0
6768761,0.0
6769762,0.0
6770763,0.0
6771764,0.0
6772765,0.0
6773766,0.0
6774767,0.0
6775768,0.0
6776769,0.0
6777770,28.0
6778771,0.0
6779772,0.0
6780773,0.0
6781774,0.0
6782775,10.0
6783776,0.0
6784777,0.0
6785778,0.0
6786779,0.0
6787780,0.0
6788781,0.0
6789782,0.0
6790783,0.0
6791784,0.0
6792785,0.0
6793786,0.0
6794787,0.0
6795788,0.0
6796789,0.0
6797790,0.0
6798791,3.0
6799792,0.0
6800793,0.0
6801794,0.0
6802795,0.0
6803796,0.0
6804797,0.0
6805798,0.0
6806799,0.0
6807800,0.0
6808801,0.0
6809802,0.0
6810803,0.0
6811804,0.0
6812805,0.0
6813806,0.0
6814807,0.0
6815808,11.0
6816809,0.0
6817810,0.0
6818811,0.0
6819812,0.0
6820813,0.0
6821814,0.0
6822815,0.0
6823816,0.0
6824817,0.0
6825818,0.0
6826819,0.0
6827820,0.0
6828821,0.0
6829822,0.0
6830823,0.0
6831824,0.0
6832825,0.0
6833826,0.0
6834827,0.0
6835828,13.0
6836829,0.0
6837830,0.0
6838831,0.0
6839832,0.0
6840833,0.0
6841834,0.0
6842835,17.0
6843836,9.0
6844837,0.0
6845838,0.0
6846839,0.0
6847840,0.0
6848841,0.0
6849842,0.0
6850843,0.0
6851844,0.0
6852845,0.0
6853846,0.0
6854847,0.0
6855848,0.0
6856849,0.0
6857850,0.0
6858851,0.0
6859852,0.0
6860853,0.0
6861854,0.0
6862855,0.0
6863856,0.0
6864857,0.0
6865858,0.0
6866859,0.0
6867860,0.0
6868861,0.0
6869862,0.0
6870863,0.0
6871864,0.0
6872865,0.0
6873866,0.0
6874867,0.0
6875868,0.0
6876869,0.0
6877870,0.0
6878871,9.0
6879872,0.0
6880873,0.0
6881874,0.0
6882875,0.0
6883876,0.0
6884877,0.0
6885878,0.0
6886879,0.0
6887880,0.0
6888881,0.0
6889882,0.0
6890883,0.0
6891884,0.0
6892885,0.0
6893886,0.0
6894887,0.0
6895888,0.0
6896889,0.0
6897890,0.0
6898891,5.0
6899892,0.0
6900893,0.0
6901894,0.0
6902895,0.0
6903896,0.0
6904897,0.0
6905898,0.0
6906899,0.0
6907900,0.0
6908901,0.0
6909902,0.0
6910903,0.0
6911904,0.0
6912905,0.0
6913906,0.0
6914907,0.0
6915908,0.0
6916909,0.0
6917910,0.0
6918911,0.0
6919912,0.0
6920913,0.0
6921914,0.0
6922915,0.0
6923916,0.0
6924917,0.0
6925918,0.0
6926919,0.0
6927920,0.0
6928921,0.0
6929922,0.0
6930923,0.0
6931924,0.0
6932925,0.0
6933926,0.0
6934927,0.0
6935928,0.0
6936929,0.0
6937930,0.0
6938931,0.0
6939932,0.0
6940933,0.0
6941934,0.0
6942935,0.0
6943936,0.0
6944937,0.0
6945938,0.0
6946939,0.0
6947940,0.0
6948941,0.0
6949942,0.0
6950943,0.0
6951944,0.0
6952945,0.0
6953946,0.0
6954947,0.0
6955948,0.0
6956949,0.0
6957950,0.0
6958951,0.0
6959952,0.0
6960953,0.0
6961954,0.0
6962955,0.0
6963956,0.0
6964957,0.0
6965958,0.0
6966959,0.0
6967960,0.0
6968961,0.0
6969962,0.0
6970963,0.0
6971964,0.0
6972965,0.0
6973966,0.0
6974967,0.0
6975968,0.0
6976969,0.0
6977970,0.0
6978971,0.0
6979972,0.0
6980973,0.0
6981974,0.0
6982975,0.0
6983976,0.0
6984977,0.0
6985978,0.0
6986979,0.0
6987980,0.0
6988981,0.0
6989982,0.0
6990983,4.0
6991984,0.0
6992985,0.0
6993986,0.0
6994987,0.0
6995988,0.0
6996989,0.0
6997990,0.0
6998991,0.0
6999992,0.0
7000993,0.0
7001994,0.0
7002995,0.0
7003996,0.0
7004997,0.0
7005998,0.0
7006999,0.0
7008000,0.0
7009001,0.0
7010002,0.0
7011003,0.0
7012004,0.0
7013005,0.0
7014006,0.0
7015007,0.0
7016008,0.0
7017009,0.0
7018010,0.0
7019011,0.0
7020012,0.0
7021013,0.0
7022014,0.0
7023015,0.0
7024016,0.0
7025017,0.0
7026018,0.0
7027019,0.0
7028020,0.0
7029021,0.0
7030022,0.0
7031023,0.0
7032024,0.0
7033025,0.0
7034026,0.0
7035027,0.0
7036028,0.0
7037029,0.0
7038030,0.0
7039031,0.0
7040032,0.0
7041033,0.0
7042034,0.0
7043035,0.0
7044036,0.0
7045037,0.0
7046038,0.0
7047039,0.0
7048040,0.0
7049041,0.0
7050042,0.0
7051043,0.0
7052044,0.0
7053045,0.0
7054046,0.0
7055047,0.0
7056048,0.0
7057049,0.0
7058050,11.0
7059051,0.0
7060052,0.0
7061053,0.0
7062054,0.0
7063055,0.0
7064056,0.0
7065057,0.0
7066058,0.0
7067059,0.0
7068060,0.0
7069061,0.0
7070062,0.0
7071063,0.0
7072064,0.0
7073065,0.0
7074066,0.0
7075067,0.0
7076068,0.0
7077069,0.0
7078070,9.0
7079071,0.0
7080072,0.0
7081073,0.0
7082074,0.0
7083075,0.0
7084076,0.0
7085077,0.0
7086078,0.0
7087079,0.0
7088080,37.0
7089081,0.0
7090082,0.0
7091083,0.0
7092084,0.0
7093085,0.0
7094086,0.0
7095087,0.0
7096088,0.0
7097089,0.0
7098090,0.0
7099091,0.0
7100092,0.0
7101093,11.0
7102094,0.0
7103095,0.0
7104096,0.0
7105097,0.0
7106098,0.0
7107099,0.0
7108100,0.0
7109101,0.0
7110102,0.0
7111103,0.0
7112104,0.0
7113105,0.0
7114106,0.0
7115107,0.0
7116108,0.0
7117109,0.0
7118110,0.0
7119111,0.0
7120112,0.0
7121113,0.0
7122114,0.0
7123115,0.0
7124116,0.0
7125117,0.0
7126118,0.0
7127119,0.0
7128120,0.0
7129121,0.0
7130122,0.0
7131123,0.0
7132124,0.0
7133125,0.0
7134126,0.0
7135127,0.0
7136128,0.0
7137129,0.0
7138130,0.0
7139131,0.0
7140132,0.0
7141133,0.0
7142134,0.0
7143135,0.0
7144136,6.0
7145137,0.0
7146138,0.0
7147139,0.0
7148140,0.0
7149141,20.0
7150142,0.0
7151143,0.0
7152144,0.0
7153145,0.0
7154146,0.0
7155147,0.0
7156148,0.0
7157149,0.0
7158150,0.0
7159151,0.0
7160152,0.0
7161153,0.0
7162154,0.0
7163155,0.0
7164156,0.0
7165157,0.0
7166158,0.0
7167159,0.0
7168160,12.0
7169161,0.0
7170162,0.0
7171163,0.0
7172164,0.0
7173165,0.0
7174166,0.0
7175167,0.0
7176168,0.0
7177169,0.0
7178170,0.0
7179171,0.0
7180172,0.0
7181173,0.0
7182174,0.0
7183175,0.0
7184176,0.0
7185177,0.0
7186178,0.0
7187179,0.0
7188180,0.0
7189181,0.0
7190182,3.0
7191183,0.0
7192184,0.0
7193185,0.0
7194186,0.0
7195187,0.0
7196188,0.0
7197189,0.0
7198190,0.0
7199191,0.0
7200192,0.0
7201193,0.0
7202194,0.0
7203195,0.0
7204196,0.0
7205197,0.0
7206198,65.0
7207199,0.0
7208200,0.0
7209201,6.0
7210202,0.0
7211203,0.0
7212204,0.0
7213205,0.0
7214206,0.0
7215207,0.0
7216208,0.0
7217209,0.0
7218210,0.0
7219211,0.0
7220212,11.0
7221213,0.0
7222214,0.0
7223215,0.0
7224216,0.0
7225217,0.0
7226218,0.0
7227219,0.0
7228220,0.0
7229221,0.0
7230222,0.0
7231223,0.0
7232224,0.0
7233225,0.0
7234226,0.0
7235227,0.0
7236228,0.0
7237229,0.0
7238230,0.0
7239231,0.0
7240232,0.0
7241233,8.0
7242234,0.0
7243235,0.0
7244236,0.0
7245237,0.0
7246238,0.0
7247239,0.0
7248240,0.0
7249241,0.0
7250242,0.0
7251243,0.0
7252244,0.0
7253245,0.0
7254246,0.0
7255247,0.0
7256248,0.0
7257249,0.0
7258250,0.0
7259251,0.0
7260252,0.0
7261253,0.0
7262254,0.0
7263255,0.0
7264256,0.0
7265257,0.0
7266258,0.0
7267259,0.0
7268260,0.0
7269261,0.0
7270262,0.0
7271263,0.0
7272264,0.0
7273265,0.0
7274266,0.0
7275267,0.0
7276268,0.0
7277269,0.0
7278270,0.0
7279271,0.0
7280272,0.0
7281273,0.0
7282274,0.0
7283275,0.0
7284276,0.0
7285277,0.0
7286278,0.0
7287279,0.0
7288280,0.0
7289281,0.0
7290282,0.0
7291283,0.0
7292284,0.0
7293285,0.0
7294286,0.0
7295287,0.0
7296288,0.0
7297289,0.0
7298290,0.0
7299291,0.0
7300292,0.0
7301293,0.0
7302294,0.0
7303295,0.0
7304296,0.0
7305297,0.0
7306298,0.0
7307299,0.0
7308300,29.0
7309301,0.0
7310302,0.0
7311303,0.0
7312304,0.0
7313305,0.0
7314306,0.0
7315307,0.0
7316308,0.0
7317309,0.0
7318310,0.0
7319311,0.0
7320312,0.0
7321313,0.0
7322314,0.0
7323315,0.0
7324316,0.0
7325317,0.0
7326318,12.0
7327319,0.0
7328320,0.0
7329321,0.0
7330322,0.0
7331323,0.0
7332324,0.0
7333325,0.0
7334326,0.0
7335327,0.0
7336328,0.0
7337329,0.0
7338330,0.0
7339331,0.0
7340332,0.0
7341333,0.0
7342334,0.0
7343335,0.0
7344336,0.0
7345337,0.0
7346338,0.0
7347339,0.0
7348340,0.0
7349341,0.0
7350342,0.0
7351343,0.0
7352344,0.0
7353345,0.0
7354346,0.0
7355347,0.0
7356348,0.0
7357349,0.0
7358350,0.0
7359351,0.0
7360352,0.0
7361353,36.0
7362354,0.0
7363355,0.0
7364356,0.0
7365357,0.0
7366358,0.0
7367359,0.0
7368360,0.0
7369361,0.0
7370362,0.0
7371363,0.0
7372364,0.0
7373365,0.0
7374366,0.0
7375367,0.0
7376368,0.0
7377369,0.0
7378370,0.0
7379371,12.0
7380372,0.0
7381373,0.0
7382374,0.0
7383375,0.0
7384376,0.0
7385377,0.0
7386378,0.0
7387379,11.0
7388380,0.0
7389381,0.0
7390382,4.0
7391383,0.0
7392384,0.0
7393385,0.0
7394386,0.0
7395387,0.0
7396388,0.0
7397389,0.0
7398390,0.0
7399391,0.0
7400392,0.0
7401393,0.0
7402394,0.0
7403395,0.0
7404396,0.0
7405397,0.0
7406398,0.0
7407399,0.0
7408400,0.0
7409401,0.0
7410402,0.0
7411403,0.0
7412404,0.0
7413405,0.0
7414406,0.0
7415407,0.0
7416408,0.0
7417409,0.0
7418410,0.0
7419411,0.0
7420412,0.0
7421413,0.0
7422414,0.0
7423415,0.0
7424416,0.0
7425417,0.0
7426418,0.0
7427419,0.0
7428420,0.0
7429421,0.0
7430422,5.0
7431423,0.0
7432424,0.0
7433425,0.0
7434426,0.0
7435427,0.0
7436428,0.0
7437429,0.0
7438430,0.0
7439431,0.0
7440432,0.0
7441433,0.0
7442434,0.0
7443435,0.0
7444436,0.0
7445437,0.0
7446438,0.0
7447439,0.0
7448440,0.0
7449441,0.0
7450442,0.0
7451443,0.0
7452444,0.0
7453445,0.0
7454446,0.0
7455447,0.0
7456448,0.0
7457449,0.0
7458450,0.0
7459451,0.0
7460452,0.0
7461453,0.0
7462454,0.0
7463455,0.0
7464456,0.0
7465457,0.0
7466458,0.0
7467459,0.0
7468460,0.0
7469461,0.0
7470462,0.0
7471463,0.0
7472464,0.0
7473465,0.0
7474466,0.0
7475467,0.0
7476468,0.0
7477469,0.0
7478470,0.0
7479471,0.0
7480472,0.0
7481473,0.0
7482474,0.0
7483475,0.0
7484476,0.0
7485477,0.0
7486478,0.0
7487479,0.0
7488480,52.0
7489481,0.0
7490482,0.0
7491483,0.0
7492484,0.0
7493485,0.0
7494486,23.0
7495487,0.0
7496488,0.0
7497489,0.0
7498490,0.0
7499491,0.0
7500492,0.0
7501493,23.0
7502494,0.0
7503495,0.0
7504496,0.0
7505497,0.0
7506498,0.0
7507499,0.0
7508500,0.0
7509501,0.0
7510502,0.0
7511503,0.0
7512504,0.0
7513505,0.0
7514506,0.0
7515507,0.0
7516508,0.0
7517509,0.0
7518510,0.0
7519511,0.0
7520512,0.0
7521513,0.0
7522514,0.0
7523515,0.0
7524516,0.0
7525517,0.0
7526518,0.0
7527519,0.0
7528520,0.0
7529521,0.0
7530522,0.0
7531523,0.0
7532524,0.0
7533525,0.0
7534526,0.0
7535527,0.0
7536528,0.0
7537529,0.0
7538530,0.0
7539531,0.0
7540532,0.0
7541533,0.0
7542534,0.0
7543535,0.0
7544536,0.0
7545537,20.0
7546538,0.0
7547539,0.0
7548540,0.0
7549541,0.0
7550542,0.0
7551543,0.0
7552544,0.0
7553545,0.0
7554546,0.0
7555547,0.0
7556548,0.0
7557549,0.0
7558550,0.0
7559551,0.0
7560552,0.0
7561553,0.0
7562554,0.0
7563555,0.0
7564556,0.0
7565557,0.0
7566558,0.0
7567559,0.0
7568560,0.0
7569561,0.0
7570562,0.0
7571563,0.0
7572564,0.0
7573565,0.0
7574566,0.0
7575567,0.0
7576568,0.0
7577569,0.0
7578570,0.0
7579571,0.0
7580572,0.0
7581573,0.0
7582574,0.0
7583575,0.0
7584576,0.0
7585577,0.0
7586578,0.0
7587579,0.0
7588580,0.0
7589581,0.0
7590582,0.0
7591583,0.0
7592584,0.0
7593585,0.0
7594586,0.0
7595587,0.0
7596588,0.0
7597589,0.0
7598590,0.0
7599591,0.0
7600592,0.0
7601593,0.0
7602594,0.0
7603595,0.0
7604596,0.0
7605597,0.0
7606598,0.0
7607599,0.0
7608600,0.0
7609601,0.0
7610602,0.0
7611603,0.0
7612604,0.0
7613605,0.0
7614606,0.0
7615607,0.0
7616608,0.0
7617609,0.0
7618610,0.0
7619611,0.0
7620612,0.0
7621613,0.0
7622614,0.0
7623615,0.0
7624616,0.0
7625617,0.0
7626618,0.0
7627619,0.0
7628620,0.0
7629621,0.0
7630622,0.0
7631623,0.0
7632624,0.0
7633625,0.0
7634626,0.0
7635627,0.0
7636628,0.0
7637629,0.0
7638630,0.0
7639631,0.0
7640632,0.0
7641633,4.0
7642634,0.0
7643635,0.0
7644636,0.0
7645637,0.0
7646638,0.0
7647639,0.0
7648640,0.0
7649641,0.0
7650642,0.0
7651643,0.0
7652644,0.0
7653645,0.0
7654646,0.0
7655647,0.0
7656648,0.0
7657649,0.0
7658650,0.0
7659651,0.0
7660652,0.0
7661653,0.0
7662654,0.0
7663655,0.0
7664656,0.0
7665657,0.0
7666658,0.0
7667659,0.0
7668660,0.0
7669661,0.0
7670662,0.0
7671663,0.0
7672664,0.0
7673665,0.0
7674666,0.0
7675667,0.0
7676668,0.0
7677669,0.0
7678670,0.0
7679671,0.0
7680672,0.0
7681673,0.0
7682674,0.0
7683675,0.0
7684676,0.0
7685677,0.0
7686678,0.0
7687679,0.0
7688680,0.0
7689681,0.0
7690682,17.0
7691683,0.0
7692684,0.0
7693685,0.0
7694686,0.0
7695687,0.0
7696688,0.0
7697689,0.0
7698690,0.0
7699691,0.0
7700692,0.0
7701693,0.0
7702694,11.0
7703695,0.0
7704696,0.0
7705697,0.0
7706698,0.0
7707699,0.0
7708700,0.0
7709701,0.0
7710702,0.0
7711703,0.0
7712704,0.0
7713705,0.0
7714706,13.0
7715707,0.0
7716708,0.0
7717709,0.0
7718710,0.0
7719711,0.0
7720712,0.0
7721713,0.0
7722714,0.0
7723715,0.0
7724716,0.0
7725717,0.0
7726718,0.0
7727719,0.0
7728720,0.0
7729721,0.0
7730722,0.0
7731723,0.0
7732724,0.0
7733725,0.0
7734726,0.0
7735727,0.0
7736728,0.0
7737729,0.0
7738730,0.0
7739731,0.0
7740732,0.0
7741733,0.0
7742734,0.0
7743735,0.0
7744736,0.0
7745737,0.0
7746738,0.0
7747739,0.0
7748740,0.0
7749741,0.0
7750742,0.0
7751743,0.0
7752744,0.0
7753745,0.0
7754746,0.0
7755747,0.0
7756748,0.0
7757749,0.0
7758750,0.0
7759751,0.0
7760752,0.0
7761753,0.0
7762754,0.0
7763755,0.0
7764756,0.0
7765757,0.0
7766758,0.0
7767759,0.0
7768760,0.0
7769761,0.0
7770762,0.0
7771763,0.0
7772764,0.0
7773765,0.0
7774766,0.0
7775767,0.0
7776768,0.0
7777769,0.0
7778770,0.0
7779771,0.0
7780772,0.0
7781773,0.0
7782774,0.0
7783775,0.0
7784776,0.0
7785777,0.0
7786778,0.0
7787779,0.0
7788780,0.0
7789781,6.0
7790782,0.0
7791783,0.0
7792784,0.0
7793785,0.0
7794786,0.0
7795787,0.0
7796788,0.0
7797789,0.0
7798790,0.0
7799791,0.0
7800792,1.0
7801793,0.0
7802794,0.0
7803795,0.0
7804796,0.0
7805797,36.0
7806798,0.0
7807799,0.0
7808800,0.0
7809801,0.0
7810802,0.0
7811803,0.0
7812804,0.0
7813805,0.0
7814806,0.0
7815807,12.0
7816808,7.0
7817809,0.0
7818810,0.0
7819811,0.0
7820812,0.0
7821813,0.0
7822814,0.0
7823815,0.0
7824816,0.0
7825817,0.0
7826818,0.0
7827819,0.0
7828820,0.0
7829821,0.0
7830822,0.0
7831823,0.0
7832824,0.0
7833825,0.0
7834826,0.0
7835827,0.0
7836828,0.0
7837829,0.0
7838830,0.0
7839831,0.0
7840832,0.0
7841833,0.0
7842834,0.0
7843835,0.0
7844836,0.0
7845837,0.0
7846838,0.0
7847839,0.0
7848840,0.0
7849841,0.0
7850842,0.0
7851843,0.0
7852844,0.0
7853845,0.0
7854846,0.0
7855847,27.0
7856848,9.0
7857849,0.0
7858850,0.0
7859851,0.0
7860852,0.0
7861853,0.0
7862854,0.0
7863855,0.0
7864856,0.0
7865857,0.0
7866858,0.0
7867859,0.0
7868860,0.0
7869861,0.0
7870862,0.0
7871863,0.0
7872864,0.0
7873865,0.0
7874866,0.0
7875867,0.0
7876868,0.0
7877869,0.0
7878870,0.0
7879871,0.0
7880872,0.0
7881873,0.0
7882874,0.0
7883875,0.0
7884876,0.0
7885877,0.0
7886878,0.0
7887879,0.0
7888880,0.0
7889881,0.0
7890882,0.0
7891883,0.0
7892884,0.0
7893885,0.0
7894886,0.0
7895887,0.0
7896888,0.0
7897889,0.0
7898890,0.0
7899891,0.0
7900892,0.0
7901893,0.0
7902894,0.0
7903895,4.0
7904896,0.0
7905897,0.0
7906898,0.0
7907899,0.0
7908900,0.0
7909901,0.0
7910902,0.0
7911903,0.0
7912904,0.0
7913905,0.0
7914906,0.0
7915907,0.0
7916908,0.0
7917909,0.0
7918910,0.0
7919911,0.0
7920912,0.0
7921913,0.0
7922914,0.0
7923915,0.0
7924916,0.0
7925917,0.0
7926918,10.0
7927919,0.0
7928920,0.0
7929921,0.0
7930922,19.0
7931923,0.0
7932924,0.0
7933925,0.0
7934926,0.0
7935927,8.0
7936928,0.0
7937929,0.0
7938930,0.0
7939931,0.0
7940932,0.0
7941933,0.0
7942934,0.0
7943935,0.0
7944936,0.0
7945937,0.0
7946938,0.0
7947939,0.0
7948940,0.0
7949941,0.0
7950942,0.0
7951943,0.0
7952944,0.0
7953945,0.0
7954946,0.0
7955947,0.0
7956948,0.0
7957949,0.0
7958950,0.0
7959951,0.0
7960952,0.0
7961953,0.0
7962954,0.0
7963955,0.0
7964956,0.0
7965957,0.0
7966958,0.0
7967959,0.0
7968960,0.0
7969961,0.0
7970962,0.0
7971963,0.0
7972964,0.0
7973965,14.0
7974966,0.0
7975967,0.0
7976968,0.0
7977969,9.0
7978970,0.0
7979971,0.0
7980972,0.0
7981973,0.0
7982974,0.0
7983975,0.0
7984976,0.0
7985977,0.0
7986978,0.0
7987979,0.0
7988980,0.0
7989981,0.0
7990982,0.0
7991983,0.0
7992984,0.0
7993985,0.0
7994986,0.0
7995987,0.0
7996988,0.0
7997989,0.0
7998990,0.0
7999991,0.0
8000992,0.0
8001993,0.0
8002994,0.0
8003995,0.0
8004996,0.0
8005997,0.0
8006998,0.0
8007999,0.0
8009000,0.0
8010001,0.0
8011002,0.0
8012003,0.0
8013004,0.0
8014005,0.0
8015006,0.0
8016007,0.0
8017008,0.0
8018009,10.0
8019010,0.0
8020011,39.0
8021012,7.0
8022013,0.0
8023014,0.0
8024015,0.0
8025016,0.0
8026017,0.0
8027018,0.0
8028019,0.0
8029020,1.0
8030021,0.0
8031022,0.0
8032023,0.0
8033024,0.0
8034025,0.0
8035026,0.0
8036027,0.0
8037028,0.0
8038029,0.0
8039030,0.0
8040031,0.0
8041032,0.0
8042033,0.0
8043034,0.0
8044035,0.0
8045036,0.0
8046037,0.0
8047038,10.0
8048039,0.0
8049040,0.0
8050041,0.0
8051042,0.0
8052043,0.0
8053044,0.0
8054045,0.0
8055046,0.0
8056047,0.0
8057048,0.0
8058049,0.0
8059050,0.0
8060051,0.0
8061052,0.0
8062053,0.0
8063054,0.0
8064055,0.0
8065056,0.0
8066057,0.0
8067058,0.0
8068059,0.0
8069060,0.0
8070061,0.0
8071062,0.0
8072063,0.0
8073064,0.0
8074065,0.0
8075066,0.0
8076067,0.0
8077068,0.0
8078069,0.0
8079070,0.0
8080071,0.0
8081072,0.0
8082073,42.0
8083074,0.0
8084075,0.0
8085076,0.0
8086077,0.0
8087078,0.0
8088079,0.0
8089080,0.0
8090081,0.0
8091082,0.0
8092083,0.0
8093084,0.0
8094085,0.0
8095086,0.0
8096087,0.0
8097088,0.0
8098089,0.0
8099090,0.0
8100091,0.0
8101092,0.0
8102093,0.0
8103094,0.0
8104095,0.0
8105096,0.0
8106097,0.0
8107098,0.0
8108099,0.0
8109100,0.0
8110101,0.0
8111102,0.0
8112103,0.0
8113104,0.0
8114105,0.0
8115106,18.0
8116107,0.0
8117108,0.0
8118109,0.0
8119110,0.0
8120111,0.0
8121112,0.0
8122113,0.0
8123114,0.0
8124115,0.0
8125116,0.0
8126117,0.0
8127118,0.0
8128119,0.0
8129120,0.0
8130121,0.0
8131122,0.0
8132123,0.0
8133124,0.0
8134125,0.0
8135126,0.0
8136127,0.0
8137128,0.0
8138129,0.0
8139130,0.0
8140131,0.0
8141132,0.0
8142133,0.0
8143134,0.0
8144135,0.0
8145136,0.0
8146137,0.0
8147138,0.0
8148139,0.0
8149140,0.0
8150141,0.0
8151142,0.0
8152143,18.0
8153144,0.0
8154145,0.0
8155146,0.0
8156147,0.0
8157148,0.0
8158149,0.0
8159150,0.0
8160151,0.0
8161152,0.0
8162153,0.0
8163154,0.0
8164155,0.0
8165156,0.0
8166157,0.0
8167158,0.0
8168159,0.0
8169160,0.0
8170161,0.0
8171162,0.0
8172163,0.0
8173164,0.0
8174165,0.0
8175166,0.0
8176167,0.0
8177168,0.0
8178169,0.0
8179170,0.0
8180171,0.0
8181172,0.0
8182173,0.0
8183174,0.0
8184175,0.0
8185176,0.0
8186177,0.0
8187178,28.0
8188179,0.0
8189180,0.0
8190181,0.0
8191182,0.0
8192183,0.0
8193184,0.0
8194185,0.0
8195186,0.0
8196187,0.0
8197188,0.0
8198189,0.0
8199190,0.0
8200191,0.0
8201192,0.0
8202193,0.0
8203194,0.0
8204195,0.0
8205196,0.0
8206197,0.0
8207198,0.0
8208199,0.0
8209200,0.0
8210201,0.0
8211202,0.0
8212203,0.0
8213204,0.0
8214205,0.0
8215206,0.0
8216207,0.0
8217208,0.0
8218209,0.0
8219210,0.0
8220211,0.0
8221212,0.0
8222213,0.0
8223214,0.0
8224215,0.0
8225216,0.0
8226217,0.0
8227218,0.0
8228219,0.0
8229220,0.0
8230221,0.0
8231222,0.0
8232223,0.0
8233224,0.0
8234225,0.0
8235226,0.0
8236227,0.0
8237228,0.0
8238229,0.0
8239230,0.0
8240231,0.0
8241232,0.0
8242233,0.0
8243234,0.0
8244235,0.0
8245236,0.0
8246237,0.0
8247238,0.0
8248239,0.0
8249240,0.0
8250241,0.0
8251242,0.0
8252243,0.0
8253244,0.0
8254245,0.0
8255246,42.0
8256247,0.0
8257248,0.0
8258249,0.0
8259250,0.0
8260251,0.0
8261252,0.0
8262253,0.0
8263254,0.0
8264255,0.0
8265256,0.0
8266257,0.0
8267258,0.0
8268259,0.0
8269260,0.0
8270261,0.0
8271262,0.0
8272263,0.0
8273264,0.0
8274265,0.0
8275266,0.0
8276267,22.0
8277268,0.0
8278269,0.0
8279270,0.0
8280271,0.0
8281272,0.0
8282273,0.0
8283274,0.0
8284275,0.0
8285276,0.0
8286277,0.0
8287278,0.0
8288279,0.0
8289280,14.0
8290281,0.0
8291282,0.0
8292283,0.0
8293284,0.0
8294285,0.0
8295286,0.0
8296287,0.0
8297288,0.0
8298289,11.0
8299290,0.0
8300291,0.0
8301292,0.0
8302293,0.0
8303294,0.0
8304295,0.0
8305296,0.0
8306297,0.0
8307298,0.0
8308299,0.0
8309300,0.0
8310301,0.0
8311302,0.0
8312303,0.0
8313304,0.0
8314305,0.0
8315306,0.0
8316307,0.0
8317308,0.0
8318309,0.0
8319310,0.0
8320311,0.0
8321312,20.0
8322313,0.0
8323314,0.0
8324315,0.0
8325316,0.0
8326317,0.0
8327318,0.0
8328319,0.0
8329320,0.0
8330321,0.0
8331322,0.0
8332323,0.0
8333324,0.0
8334325,0.0
8335326,0.0
8336327,0.0
8337328,0.0
8338329,0.0
8339330,0.0
8340331,0.0
8341332,0.0
8342333,0.0
8343334,33.0
8344335,0.0
8345336,0.0
8346337,0.0
8347338,0.0
8348339,0.0
8349340,0.0
8350341,0.0
8351342,0.0
8352343,0.0
8353344,0.0
8354345,0.0
8355346,0.0
8356347,0.0
8357348,0.0
8358349,0.0
8359350,0.0
8360351,0.0
8361352,0.0
8362353,0.0
8363354,0.0
8364355,0.0
8365356,0.0
8366357,0.0
8367358,0.0
8368359,0.0
8369360,0.0
8370361,0.0
8371362,0.0
8372363,0.0
8373364,0.0
8374365,0.0
8375366,0.0
8376367,0.0
8377368,0.0
8378369,0.0
8379370,0.0
8380371,0.0
8381372,0.0
8382373,0.0
8383374,0.0
8384375,0.0
8385376,0.0
8386377,0.0
8387378,0.0
8388379,0.0
8389380,0.0
8390381,0.0
8391382,0.0
8392383,0.0
8393384,0.0
8394385,0.0
8395386,0.0
8396387,0.0
8397388,0.0
8398389,0.0
8399390,0.0
8400391,0.0
8401392,0.0
8402393,0.0
8403394,0.0
8404395,0.0
8405396,0.0
8406397,0.0
8407398,0.0
8408399,0.0
8409400,0.0
8410401,0.0
8411402,0.0
8412403,0.0
8413404,0.0
8414405,0.0
8415406,0.0
8416407,0.0
8417408,0.0
8418409,0.0
8419410,0.0
8420411,0.0
8421412,0.0
8422413,0.0
8423414,0.0
8424415,0.0
8425416,0.0
8426417,0.0
8427418,0.0
8428419,0.0
8429420,0.0
8430421,0.0
8431422,0.0
8432423,0.0
8433424,0.0
8434425,0.0
8435426,0.0
8436427,0.0
8437428,0.0
8438429,0.0
8439430,0.0
8440431,17.0
8441432,0.0
8442433,0.0
8443434,6.0
8444435,0.0
8445436,0.0
8446437,0.0
8447438,0.0
8448439,0.0
8449440,0.0
8450441,0.0
8451442,0.0
8452443,0.0
8453444,0.0
8454445,0.0
8455446,18.0
8456447,0.0
8457448,0.0
8458449,0.0
8459450,0.0
8460451,0.0
8461452,0.0
8462453,0.0
8463454,0.0
8464455,0.0
8465456,0.0
8466457,0.0
8467458,0.0
8468459,0.0
8469460,0.0
8470461,0.0
8471462,0.0
8472463,0.0
8473464,0.0
8474465,0.0
8475466,0.0
8476467,0.0
8477468,30.0
8478469,0.0
8479470,0.0
8480471,0.0
8481472,0.0
8482473,0.0
8483474,0.0
8484475,0.0
8485476,0.0
8486477,0.0
8487478,0.0
8488479,0.0
8489480,0.0
8490481,0.0
8491482,0.0
8492483,0.0
8493484,0.0
8494485,0.0
8495486,0.0
8496487,30.0
8497488,0.0
8498489,0.0
8499490,0.0
8500491,0.0
8501492,0.0
8502493,0.0
8503494,0.0
8504495,0.0
8505496,0.0
8506497,0.0
8507498,0.0
8508499,0.0
8509500,0.0
8510501,0.0
8511502,0.0
8512503,0.0
8513504,0.0
8514505,0.0
8515506,0.0
8516507,0.0
8517508,0.0
8518509,0.0
8519510,0.0
8520511,0.0
8521512,0.0
8522513,0.0
8523514,0.0
8524515,0.0
8525516,0.0
8526517,0.0
8527518,0.0
8528519,0.0
8529520,0.0
8530521,0.0
8531522,0.0
8532523,0.0
8533524,0.0
8534525,0.0
8535526,0.0
8536527,0.0
8537528,0.0
8538529,0.0
8539530,0.0
8540531,0.0
8541532,0.0
8542533,0.0
8543534,0.0
8544535,1.0
8545536,0.0
8546537,0.0
8547538,0.0
8548539,0.0
8549540,0.0
8550541,0.0
8551542,0.0
8552543,0.0
8553544,0.0
8554545,0.0
8555546,0.0
8556547,0.0
8557548,0.0
8558549,0.0
8559550,0.0
8560551,0.0
8561552,0.0
8562553,0.0
8563554,0.0
8564555,0.0
8565556,0.0
8566557,0.0
8567558,0.0
8568559,0.0
8569560,0.0
8570561,0.0
8571562,0.0
8572563,0.0
8573564,0.0
8574565,0.0
8575566,0.0
8576567,0.0
8577568,0.0
8578569,0.0
8579570,0.0
8580571,0.0
8581572,0.0
8582573,0.0
8583574,33.0
8584575,24.0
8585576,0.0
8586577,0.0
8587578,0.0
8588579,0.0
8589580,0.0
8590581,0.0
8591582,0.0
8592583,0.0
8593584,0.0
8594585,0.0
8595586,0.0
8596587,0.0
8597588,0.0
8598589,0.0
8599590,0.0
8600591,0.0
8601592,0.0
8602593,0.0
8603594,9.0
8604595,0.0
8605596,0.0
8606597,0.0
8607598,0.0
8608599,0.0
8609600,0.0
8610601,0.0
8611602,0.0
8612603,0.0
8613604,0.0
8614605,0.0
8615606,0.0
8616607,25.0
8617608,0.0
8618609,0.0
8619610,0.0
8620611,0.0
8621612,0.0
8622613,0.0
8623614,0.0
8624615,0.0
8625616,0.0
8626617,0.0
8627618,0.0
8628619,0.0
8629620,0.0
8630621,0.0
8631622,0.0
8632623,0.0
8633624,0.0
8634625,0.0
8635626,0.0
8636627,0.0
8637628,0.0
8638629,0.0
8639630,0.0
8640631,0.0
8641632,0.0
8642633,0.0
8643634,0.0
8644635,0.0
8645636,0.0
8646637,0.0
8647638,0.0
8648639,0.0
8649640,0.0
8650641,0.0
8651642,0.0
8652643,0.0
8653644,0.0
8654645,0.0
8655646,0.0
8656647,0.0
8657648,0.0
8658649,0.0
8659650,0.0
8660651,0.0
8661652,0.0
8662653,0.0
8663654,0.0
8664655,0.0
8665656,0.0
8666657,0.0
8667658,0.0
8668659,0.0
8669660,0.0
8670661,0.0
8671662,0.0
8672663,0.0
8673664,0.0
8674665,0.0
8675666,0.0
8676667,0.0
8677668,0.0
8678669,0.0
8679670,0.0
8680671,0.0
8681672,0.0
8682673,0.0
8683674,0.0
8684675,0.0
8685676,0.0
8686677,0.0
8687678,0.0
8688679,0.0
8689680,0.0
8690681,0.0
8691682,0.0
8692683,0.0
8693684,0.0
8694685,0.0
8695686,0.0
8696687,0.0
8697688,0.0
8698689,0.0
8699690,0.0
8700691,0.0
8701692,0.0
8702693,0.0
8703694,0.0
8704695,0.0
8705696,0.0
8706697,0.0
8707698,0.0
8708699,0.0
8709700,0.0
8710701,7.0
8711702,0.0
8712703,0.0
8713704,4.0
8714705,16.0
8715706,0.0
8716707,0.0
8717708,0.0
8718709,0.0
8719710,0.0
8720711,0.0
8721712,0.0
8722713,0.0
8723714,0.0
8724715,0.0
8725716,0.0
8726717,0.0
8727718,0.0
8728719,0.0
8729720,0.0
8730721,0.0
8731722,0.0
8732723,0.0
8733724,0.0
8734725,0.0
8735726,0.0
8736727,0.0
8737728,0.0
8738729,0.0
8739730,0.0
8740731,0.0
8741732,0.0
8742733,0.0
8743734,0.0
8744735,0.0
8745736,0.0
8746737,0.0
8747738,0.0
8748739,0.0
8749740,0.0
8750741,0.0
8751742,0.0
8752743,0.0
8753744,0.0
8754745,0.0
8755746,0.0
8756747,0.0
8757748,0.0
8758749,0.0
8759750,0.0
8760751,0.0
8761752,0.0
8762753,0.0
8763754,0.0
8764755,1.0
8765756,0.0
8766757,0.0
8767758,0.0
8768759,0.0
8769760,0.0
8770761,0.0
8771762,0.0
8772763,0.0
8773764,0.0
8774765,0.0
8775766,0.0
8776767,0.0
8777768,0.0
8778769,0.0
8779770,0.0
8780771,0.0
8781772,0.0
8782773,0.0
8783774,0.0
8784775,0.0
8785776,0.0
8786777,0.0
8787778,0.0
8788779,0.0
8789780,0.0
8790781,0.0
8791782,0.0
8792783,0.0
8793784,0.0
8794785,0.0
8795786,0.0
8796787,0.0
8797788,0.0
8798789,0.0
8799790,0.0
8800791,0.0
8801792,0.0
8802793,0.0
8803794,0.0
8804795,0.0
8805796,0.0
8806797,0.0
8807798,0.0
8808799,0.0
8809800,0.0
8810801,0.0
8811802,0.0
8812803,0.0
8813804,0.0
8814805,0.0
8815806,0.0
8816807,0.0
8817808,0.0
8818809,0.0
8819810,0.0
8820811,0.0
8821812,0.0
8822813,10.0
8823814,0.0
8824815,0.0
8825816,0.0
8826817,0.0
8827818,0.0
8828819,0.0
8829820,0.0
8830821,9.0
8831822,0.0
8832823,0.0
8833824,0.0
8834825,0.0
8835826,0.0
8836827,0.0
8837828,0.0
8838829,0.0
8839830,0.0
8840831,0.0
8841832,0.0
8842833,0.0
8843834,0.0
8844835,0.0
8845836,0.0
8846837,0.0
8847838,0.0
8848839,0.0
8849840,0.0
8850841,0.0
8851842,32.0
8852843,0.0
8853844,0.0
8854845,0.0
8855846,0.0
8856847,0.0
8857848,0.0
8858849,0.0
8859850,0.0
8860851,0.0
8861852,15.0
8862853,0.0
8863854,0.0
8864855,0.0
8865856,0.0
8866857,0.0
8867858,15.0
8868859,9.0
8869860,0.0
8870861,13.0
8871862,0.0
8872863,0.0
8873864,0.0
8874865,0.0
8875866,0.0
8876867,0.0
8877868,0.0
8878869,0.0
8879870,0.0
8880871,0.0
8881872,0.0
8882873,0.0
8883874,0.0
8884875,0.0
8885876,0.0
8886877,0.0
8887878,0.0
8888879,21.0
8889880,0.0
8890881,0.0
8891882,0.0
8892883,0.0
8893884,17.0
8894885,5.0
8895886,0.0
8896887,0.0
8897888,0.0
8898889,0.0
8899890,0.0
8900891,0.0
8901892,0.0
8902893,0.0
8903894,0.0
8904895,0.0
8905896,0.0
8906897,0.0
8907898,0.0
8908899,0.0
8909900,0.0
8910901,0.0
8911902,0.0
8912903,0.0
8913904,0.0
8914905,0.0
8915906,0.0
8916907,7.0
8917908,0.0
8918909,0.0
8919910,0.0
8920911,0.0
8921912,0.0
8922913,0.0
8923914,0.0
8924915,0.0
8925916,0.0
8926917,0.0
8927918,0.0
8928919,0.0
8929920,0.0
8930921,44.0
8931922,0.0
8932923,0.0
8933924,0.0
8934925,0.0
8935926,0.0
8936927,0.0
8937928,0.0
8938929,0.0
8939930,0.0
8940931,0.0
8941932,0.0
8942933,0.0
8943934,0.0
8944935,0.0
8945936,0.0
8946937,0.0
8947938,0.0
8948939,0.0
8949940,0.0
8950941,0.0
8951942,0.0
8952943,0.0
8953944,0.0
8954945,0.0
8955946,0.0
8956947,0.0
8957948,0.0
8958949,0.0
8959950,0.0
8960951,0.0
8961952,0.0
8962953,0.0
8963954,0.0
8964955,0.0
8965956,0.0
8966957,0.0
8967958,0.0
8968959,0.0
8969960,0.0
8970961,0.0
8971962,0.0
8972963,10.0
8973964,0.0
8974965,0.0
8975966,0.0
8976967,0.0
8977968,0.0
8978969,0.0
8979970,0.0
8980971,0.0
8981972,3.0
8982973,0.0
8983974,0.0
8984975,0.0
8985976,0.0
8986977,0.0
8987978,0.0
8988979,0.0
8989980,0.0
8990981,0.0
8991982,0.0
8992983,0.0
8993984,0.0
8994985,0.0
8995986,0.0
8996987,0.0
8997988,0.0
8998989,0.0
8999990,0.0
9000991,0.0
9001992,0.0
9002993,0.0
9003994,0.0
9004995,0.0
9005996,0.0
9006997,0.0
9007998,0.0
9008999,10.0
9010000,0.0
9011001,0.0
9012002,0.0
9013003,0.0
9014004,0.0
9015005,0.0
9016006,0.0
9017007,0.0
9018008,0.0
9019009,0.0
9020010,0.0
9021011,0.0
9022012,0.0
9023013,0.0
9024014,0.0
9025015,0.0
9026016,0.0
9027017,0.0
9028018,0.0
9029019,0.0
9030020,0.0
9031021,0.0
9032022,0.0
9033023,0.0
9034024,0.0
9035025,0.0
9036026,0.0
9037027,0.0
9038028,0.0
9039029,0.0
9040030,0.0
9041031,0.0
9042032,0.0
9043033,0.0
9044034,0.0
9045035,0.0
9046036,0.0
9047037,0.0
9048038,0.0
9049039,0.0
9050040,0.0
9051041,0.0
9052042,0.0
9053043,0.0
9054044,0.0
9055045,0.0
9056046,0.0
9057047,0.0
9058048,0.0
9059049,0.0
9060050,0.0
9061051,0.0
9062052,0.0
9063053,0.0
9064054,0.0
9065055,0.0
9066056,0.0
9067057,12.0
9068058,0.0
9069059,0.0
9070060,0.0
9071061,0.0
9072062,0.0
9073063,0.0
9074064,0.0
9075065,0.0
9076066,0.0
9077067,0.0
9078068,0.0
9079069,0.0
9080070,0.0
9081071,0.0
9082072,0.0
9083073,0.0
9084074,0.0
9085075,0.0
9086076,0.0
9087077,0.0
9088078,0.0
9089079,0.0
9090080,22.0
9091081,0.0
9092082,0.0
9093083,0.0
9094084,0.0
9095085,0.0
9096086,0.0
9097087,0.0
9098088,0.0
9099089,0.0
9100090,5.0
9101091,0.0
9102092,0.0
9103093,0.0
9104094,0.0
9105095,0.0
9106096,0.0
9107097,0.0
9108098,0.0
9109099,0.0
9110100,0.0
9111101,0.0
9112102,0.0
9113103,0.0
9114104,0.0
9115105,0.0
9116106,0.0
9117107,0.0
9118108,0.0
9119109,0.0
9120110,21.0
9121111,0.0
9122112,0.0
9123113,0.0
9124114,0.0
9125115,0.0
9126116,0.0
9127117,0.0
9128118,0.0
9129119,0.0
9130120,0.0
9131121,0.0
9132122,0.0
9133123,0.0
9134124,0.0
9135125,0.0
9136126,0.0
9137127,0.0
9138128,0.0
9139129,0.0
9140130,0.0
9141131,0.0
9142132,0.0
9143133,0.0
9144134,0.0
9145135,0.0
9146136,0.0
9147137,0.0
9148138,0.0
9149139,0.0
9150140,0.0
9151141,0.0
9152142,0.0
9153143,1.0
9154144,0.0
9155145,0.0
9156146,0.0
9157147,0.0
9158148,0.0
9159149,0.0
9160150,0.0
9161151,0.0
9162152,0.0
9163153,0.0
9164154,0.0
9165155,0.0
9166156,0.0
9167157,0.0
9168158,0.0
9169159,0.0
9170160,0.0
9171161,3.0
9172162,0.0
9173163,0.0
9174164,0.0
9175165,0.0
9176166,0.0
9177167,0.0
9178168,0.0
9179169,0.0
9180170,0.0
9181171,0.0
9182172,0.0
9183173,0.0
9184174,0.0
9185175,0.0
9186176,0.0
9187177,0.0
9188178,0.0
9189179,0.0
9190180,0.0
9191181,0.0
9192182,0.0
9193183,0.0
9194184,0.0
9195185,0.0
9196186,0.0
9197187,0.0
9198188,0.0
9199189,0.0
9200190,0.0
9201191,0.0
9202192,0.0
9203193,0.0
9204194,0.0
9205195,0.0
9206196,0.0
9207197,0.0
9208198,0.0
9209199,0.0
9210200,0.0
9211201,0.0
9212202,0.0
9213203,0.0
9214204,0.0
9215205,0.0
9216206,0.0
9217207,0.0
9218208,0.0
9219209,0.0
9220210,0.0
9221211,0.0
9222212,0.0
9223213,0.0
9224214,0.0
9225215,0.0
9226216,0.0
9227217,0.0
9228218,0.0
9229219,0.0
9230220,34.0
9231221,0.0
9232222,0.0
9233223,0.0
9234224,0.0
9235225,0.0
9236226,0.0
9237227,0.0
9238228,0.0
9239229,0.0
9240230,4.0
9241231,0.0
9242232,0.0
9243233,0.0
9244234,0.0
9245235,0.0
9246236,0.0
9247237,0.0
9248238,0.0
9249239,0.0
9250240,0.0
9251241,0.0
9252242,0.0
9253243,0.0
9254244,0.0
9255245,0.0
9256246,0.0
9257247,0.0
9258248,0.0
9259249,0.0
9260250,0.0
9261251,0.0
9262252,0.0
9263253,0.0
9264254,0.0
9265255,0.0
9266256,0.0
9267257,0.0
9268258,0.0
9269259,0.0
9270260,0.0
9271261,0.0
9272262,0.0
9273263,0.0
9274264,0.0
9275265,0.0
9276266,0.0
9277267,0.0
9278268,0.0
9279269,0.0
9280270,0.0
9281271,0.0
9282272,0.0
9283273,0.0
9284274,0.0
9285275,0.0
9286276,0.0
9287277,0.0
9288278,0.0
9289279,0.0
9290280,0.0
9291281,0.0
9292282,0.0
9293283,0.0
9294284,0.0
9295285,0.0
9296286,0.0
9297287,0.0
9298288,0.0
9299289,0.0
9300290,0.0
9301291,0.0
9302292,0.0
9303293,0.0
9304294,0.0
9305295,0.0
9306296,0.0
9307297,0.0
9308298,0.0
9309299,0.0
9310300,0.0
9311301,0.0
9312302,0.0
9313303,0.0
9314304,0.0
9315305,0.0
9316306,0.0
9317307,0.0
9318308,0.0
9319309,0.0
9320310,0.0
9321311,0.0
9322312,0.0
9323313,13.0
9324314,0.0
9325315,0.0
9326316,0.0
9327317,0.0
9328318,0.0
9329319,0.0
9330320,0.0
9331321,0.0
9332322,0.0
9333323,0.0
9334324,0.0
9335325,0.0
9336326,0.0
9337327,0.0
9338328,0.0
9339329,0.0
9340330,0.0
9341331,18.0
9342332,0.0
9343333,0.0
9344334,0.0
9345335,0.0
9346336,0.0
9347337,0.0
9348338,0.0
9349339,0.0
9350340,0.0
9351341,0.0
9352342,0.0
9353343,0.0
9354344,0.0
9355345,0.0
9356346,0.0
9357347,0.0
9358348,0.0
9359349,0.0
9360350,0.0
9361351,12.0
9362352,0.0
9363353,0.0
9364354,0.0
9365355,0.0
9366356,0.0
9367357,0.0
9368358,0.0
9369359,0.0
9370360,0.0
9371361,0.0
9372362,0.0
9373363,0.0
9374364,0.0
9375365,0.0
9376366,0.0
9377367,0.0
9378368,0.0
9379369,0.0
9380370,0.0
9381371,0.0
9382372,0.0
9383373,0.0
9384374,0.0
9385375,0.0
9386376,0.0
9387377,0.0
9388378,0.0
9389379,0.0
9390380,0.0
9391381,0.0
9392382,0.0
9393383,0.0
9394384,0.0
9395385,0.0
9396386,0.0
9397387,0.0
9398388,0.0
9399389,0.0
9400390,0.0
9401391,0.0
9402392,0.0
9403393,0.0
9404394,0.0
9405395,0.0
9406396,0.0
9407397,0.0
9408398,0.0
9409399,0.0
9410400,0.0
9411401,0.0
9412402,0.0
9413403,0.0
9414404,0.0
9415405,0.0
9416406,0.0
9417407,0.0
9418408,0.0
9419409,0.0
9420410,0.0
9421411,0.0
9422412,0.0
9423413,0.0
9424414,0.0
9425415,0.0
9426416,0.0
9427417,0.0
9428418,0.0
9429419,0.0
9430420,0.0
9431421,0.0
9432422,0.0
9433423,0.0
9434424,0.0
9435425,0.0
9436426,0.0
9437427,0.0
9438428,0.0
9439429,0.0
9440430,5.0
9441431,0.0
9442432,0.0
9443433,0.0
9444434,0.0
9445435,0.0
9446436,0.0
9447437,0.0
9448438,0.0
9449439,0.0
9450440,0.0
9451441,0.0
9452442,0.0
9453443,11.0
9454444,0.0
9455445,0.0
9456446,0.0
9457447,0.0
9458448,0.0
9459449,0.0
9460450,0.0
9461451,0.0
9462452,0.0
9463453,0.0
9464454,0.0
9465455,10.0
9466456,0.0
9467457,4.0
9468458,0.0
9469459,0.0
9470460,0.0
9471461,0.0
9472462,0.0
9473463,0.0
9474464,0.0
9475465,0.0
9476466,0.0
9477467,0.0
9478468,0.0
9479469,0.0
9480470,0.0
9481471,0.0
9482472,0.0
9483473,0.0
9484474,0.0
9485475,0.0
9486476,0.0
9487477,0.0
9488478,0.0
9489479,0.0
9490480,0.0
9491481,0.0
9492482,0.0
9493483,0.0
9494484,24.0
9495485,0.0
9496486,0.0
9497487,0.0
9498488,0.0
9499489,0.0
9500490,0.0
9501491,0.0
9502492,0.0
9503493,0.0
9504494,0.0
9505495,0.0
9506496,0.0
9507497,0.0
9508498,0.0
9509499,0.0
9510500,0.0
9511501,0.0
9512502,12.0
9513503,0.0
9514504,0.0
9515505,0.0
9516506,0.0
9517507,0.0
9518508,0.0
9519509,0.0
9520510,0.0
9521511,0.0
9522512,0.0
9523513,0.0
9524514,0.0
9525515,0.0
9526516,0.0
9527517,0.0
9528518,0.0
9529519,0.0
9530520,0.0
9531521,0.0
9532522,0.0
9533523,0.0
9534524,0.0
9535525,0.0
9536526,0.0
9537527,0.0
9538528,0.0
9539529,0.0
9540530,0.0
9541531,0.0
9542532,0.0
9543533,0.0
9544534,0.0
9545535,0.0
9546536,0.0
9547537,0.0
9548538,0.0
9549539,0.0
9550540,0.0
9551541,0.0
9552542,0.0
9553543,0.0
9554544,10.0
9555545,0.0
9556546,0.0
9557547,0.0
9558548,0.0
9559549,0.0
9560550,0.0
9561551,0.0
9562552,0.0
9563553,0.0
9564554,9.0
9565555,0.0
9566556,0.0
9567557,0.0
9568558,0.0
9569559,0.0
9570560,0.0
9571561,0.0
9572562,0.0
9573563,12.0
9574564,0.0
9575565,0.0
9576566,0.0
9577567,0.0
9578568,0.0
9579569,0.0
9580570,0.0
9581571,0.0
9582572,0.0
9583573,0.0
9584574,0.0
9585575,13.0
9586576,0.0
9587577,0.0
9588578,0.0
9589579,0.0
9590580,0.0
9591581,0.0
9592582,0.0
9593583,0.0
9594584,0.0
9595585,0.0
9596586,0.0
9597587,0.0
9598588,0.0
9599589,0.0
9600590,0.0
9601591,0.0
9602592,0.0
9603593,14.0
9604594,0.0
9605595,0.0
9606596,0.0
9607597,0.0
9608598,0.0
9609599,0.0
9610600,0.0
9611601,0.0
9612602,0.0
9613603,46.0
9614604,35.0
9615605,0.0
9616606,0.0
9617607,0.0
9618608,0.0
9619609,0.0
9620610,0.0
9621611,0.0
9622612,0.0
9623613,0.0
9624614,0.0
9625615,0.0
9626616,0.0
9627617,0.0
9628618,0.0
9629619,0.0
9630620,0.0
9631621,0.0
9632622,0.0
9633623,0.0
9634624,0.0
9635625,0.0
9636626,0.0
9637627,0.0
9638628,0.0
9639629,0.0
9640630,0.0
9641631,0.0
9642632,0.0
9643633,0.0
9644634,0.0
9645635,0.0
9646636,0.0
9647637,0.0
9648638,0.0
9649639,0.0
9650640,0.0
9651641,0.0
9652642,0.0
9653643,0.0
9654644,0.0
9655645,0.0
9656646,0.0
9657647,0.0
9658648,0.0
9659649,0.0
9660650,0.0
9661651,0.0
9662652,0.0
9663653,0.0
9664654,0.0
9665655,0.0
9666656,0.0
9667657,0.0
9668658,0.0
9669659,0.0
9670660,0.0
9671661,0.0
9672662,0.0
9673663,0.0
9674664,0.0
9675665,0.0
9676666,0.0
9677667,0.0
9678668,0.0
9679669,0.0
9680670,0.0
9681671,0.0
9682672,0.0
9683673,0.0
9684674,0.0
9685675,0.0
9686676,0.0
9687677,0.0
9688678,0.0
9689679,0.0
9690680,0.0
9691681,0.0
9692682,0.0
9693683,0.0
9694684,0.0
9695685,0.0
9696686,0.0
9697687,0.0
9698688,0.0
9699689,0.0
9700690,0.0
9701691,0.0
9702692,0.0
9703693,0.0
9704694,0.0
9705695,0.0
9706696,0.0
9707697,0.0
9708698,0.0
9709699,0.0
9710700,0.0
9711701,0.0
9712702,0.0
9713703,0.0
9714704,0.0
9715705,0.0
9716706,0.0
9717707,0.0
9718708,0.0
9719709,0.0
9720710,0.0
9721711,0.0
9722712,0.0
9723713,0.0
9724714,0.0
9725715,0.0
9726716,0.0
9727717,0.0
9728718,0.0
9729719,0.0
9730720,0.0
9731721,2.0
9732722,0.0
9733723,0.0
9734724,0.0
9735725,0.0
9736726,0.0
9737727,0.0
9738728,0.0
9739729,0.0
9740730,0.0
9741731,0.0
9742732,0.0
9743733,0.0
9744734,0.0
9745735,0.0
9746736,0.0
9747737,0.0
9748738,0.0
9749739,0.0
9750740,0.0
9751741,0.0
9752742,0.0
9753743,0.0
9754744,0.0
9755745,0.0
9756746,0.0
9757747,0.0
9758748,0.0
9759749,0.0
9760750,0.0
9761751,0.0
9762752,0.0
9763753,0.0
9764754,0.0
9765755,0.0
9766756,0.0
9767757,0.0
9768758,0.0
9769759,0.0
9770760,0.0
9771761,0.0
9772762,0.0
9773763,0.0
9774764,0.0
9775765,0.0
9776766,0.0
9777767,0.0
9778768,0.0
9779769,0.0
9780770,0.0
9781771,0.0
9782772,0.0
9783773,0.0
9784774,0.0
9785775,0.0
9786776,0.0
9787777,0.0
9788778,0.0
9789779,0.0
9790780,0.0
9791781,0.0
9792782,0.0
9793783,0.0
9794784,0.0
9795785,0.0
9796786,0.0
9797787,0.0
9798788,0.0
9799789,0.0
9800790,20.0
9801791,0.0
9802792,0.0
9803793,0.0
9804794,0.0
9805795,0.0
9806796,0.0
9807797,0.0
9808798,0.0
9809799,33.0
9810800,0.0
9811801,0.0
9812802,0.0
9813803,0.0
9814804,0.0
9815805,0.0
9816806,0.0
9817807,0.0
9818808,0.0
9819809,0.0
9820810,0.0
9821811,0.0
9822812,0.0
9823813,0.0
9824814,0.0
9825815,0.0
9826816,0.0
9827817,0.0
9828818,0.0
9829819,0.0
9830820,0.0
9831821,0.0
9832822,11.0
9833823,0.0
9834824,0.0
9835825,0.0
9836826,0.0
9837827,0.0
9838828,0.0
9839829,0.0
9840830,0.0
9841831,0.0
9842832,0.0
9843833,0.0
9844834,0.0
9845835,0.0
9846836,8.0
9847837,0.0
9848838,0.0
9849839,0.0
9850840,0.0
9851841,0.0
9852842,0.0
9853843,0.0
9854844,0.0
9855845,0.0
9856846,0.0
9857847,0.0
9858848,0.0
9859849,0.0
9860850,0.0
9861851,0.0
9862852,0.0
9863853,0.0
9864854,0.0
9865855,0.0
9866856,0.0
9867857,0.0
9868858,0.0
9869859,0.0
9870860,0.0
9871861,0.0
9872862,0.0
9873863,0.0
9874864,0.0
9875865,0.0
9876866,0.0
9877867,0.0
9878868,0.0
9879869,0.0
9880870,0.0
9881871,0.0
9882872,0.0
9883873,0.0
9884874,0.0
9885875,33.0
9886876,0.0
9887877,0.0
9888878,0.0
9889879,0.0
9890880,0.0
9891881,0.0
9892882,0.0
9893883,0.0
9894884,0.0
9895885,0.0
9896886,0.0
9897887,0.0
9898888,0.0
9899889,22.0
9900890,0.0
9901891,0.0
9902892,0.0
9903893,0.0
9904894,0.0
9905895,0.0
9906896,0.0
9907897,0.0
9908898,0.0
9909899,0.0
9910900,0.0
9911901,0.0
9912902,0.0
9913903,0.0
9914904,0.0
9915905,0.0
9916906,0.0
9917907,0.0
9918908,0.0
9919909,0.0
9920910,0.0
9921911,0.0
9922912,0.0
9923913,0.0
9924914,0.0
9925915,0.0
9926916,0.0
9927917,0.0
9928918,0.0
9929919,0.0
9930920,0.0
9931921,0.0
9932922,0.0
9933923,0.0
9934924,0.0
9935925,0.0
9936926,0.0
9937927,0.0
9938928,0.0
9939929,0.0
9940930,0.0
9941931,0.0
9942932,0.0
9943933,0.0
9944934,0.0
9945935,0.0
9946936,14.0
9947937,0.0
9948938,0.0
9949939,0.0
9950940,0.0
9951941,0.0
9952942,0.0
9953943,0.0
9954944,0.0
9955945,0.0
9956946,0.0
9957947,0.0
9958948,0.0
9959949,0.0
9960950,0.0
9961951,0.0
9962952,0.0
9963953,0.0
9964954,0.0
9965955,0.0
9966956,0.0
9967957,0.0
9968958,0.0
9969959,0.0
9970960,0.0
9971961,0.0
9972962,0.0
9973963,23.0
9974964,0.0
9975965,0.0
9976966,0.0
9977967,0.0
9978968,0.0
9979969,0.0
9980970,0.0
9981971,0.0
9982972,0.0
9983973,0.0
9984974,0.0
9985975,24.0
9986976,0.0
9987977,0.0
9988978,0.0
9989979,0.0
9990980,0.0
9991981,0.0
9992982,0.0
9993983,0.0
